0 0.7015625 0.16953125 0.0453125 0.0359375
0 0.69765625 0.721875 0.04453125 0.03828125
0 0.67578125 0.85546875 0.05 0.05078125
0 0.575 0.875 0.05390625 0.07109375
0 0.61875 0.6796875 0.053125 0.04921875
0 0.56640625 0.675 0.03515625 0.05234375
0 0.6984375 0.4640625 0.05078125 0.0578125
0 0.6359375 0.39921875 0.04921875 0.03984375
0 0.590625 0.3421875 0.034375 0.07421875
0 0.565625 0.2359375 0.0390625 0.065625
0 0.4625 0.209375 0.04375 0.06328125
0 0.03515625 0.4 0.0515625 0.09296875
0 0.2625 0.3734375 0.05234375 0.06171875
0 0.35703125 0.38125 0.03203125 0.1
0 0.3125 0.4515625 0.0546875 0.07265625
0 0.1375 0.6390625 0.04296875 0.07265625
0 0.275 0.92890625 0.05234375 0.06015625
0 0.55 0.5546875 0.046875 0.04375
0 0.50859375 0.62421875 0.0375 0.0671875
0 0.44609375 0.57109375 0.04375 0.0765625
0 0.446875 0.459375 0.04375 0.05625
0 0.4015625 0.48046875 0.040625 0.0890625
0 0.37109375 0.52734375 0.0484375 0.0359375
0 0.3609375 0.5828125 0.040625 0.0640625
0 0.2609375 0.5859375 0.0640625 0.07109375
0 0.24765625 0.6359375 0.0578125 0.06015625
0 0.30546875 0.67734375 0.04921875 0.0671875
0 0.35 0.878125 0.05 0.065625
0 0.3203125 0.8453125 0.05625 0.07421875
0 0.275 0.7859375 0.06171875 0.04921875
0 0.30390625 0.753125 0.04453125 0.08046875
0 0.3703125 0.77734375 0.04765625 0.09140625
0 0.375 0.6953125 0.04296875 0.09140625
0 0.34609375 0.67421875 0.028125 0.08203125