0 0.2984375 0.83046875 0.0453125 0.0359375
0 0.30234375 0.278125 0.04453125 0.03828125
0 0.32421875 0.14453125 0.05 0.05078125
0 0.425 0.125 0.05390625 0.07109375
0 0.38125 0.3203125 0.053125 0.04921875
0 0.43359375 0.325 0.03515625 0.05234375
0 0.3015625 0.5359375 0.05078125 0.0578125
0 0.3640625 0.60078125 0.04921875 0.03984375
0 0.409375 0.6578125 0.034375 0.07421875
0 0.434375 0.7640625 0.0390625 0.065625
0 0.5375 0.790625 0.04375 0.06328125
0 0.96484375 0.6 0.0515625 0.09296875
0 0.7375 0.6265625 0.05234375 0.06171875
0 0.64296875 0.61875 0.03203125 0.1
0 0.6875 0.5484375 0.0546875 0.07265625
0 0.8625 0.3609375 0.04296875 0.07265625
0 0.725 0.07109375 0.05234375 0.06015625
0 0.45 0.4453125 0.046875 0.04375
0 0.49140625 0.37578125 0.0375 0.0671875
0 0.55390625 0.42890625 0.04375 0.0765625
0 0.553125 0.540625 0.04375 0.05625
0 0.5984375 0.51953125 0.040625 0.0890625
0 0.62890625 0.47265625 0.0484375 0.0359375
0 0.6390625 0.4171875 0.040625 0.0640625
0 0.7390625 0.4140625 0.0640625 0.07109375
0 0.75234375 0.3640625 0.0578125 0.06015625
0 0.69453125 0.32265625 0.04921875 0.0671875
0 0.65 0.121875 0.05 0.065625
0 0.6796875 0.1546875 0.05625 0.07421875
0 0.725 0.2140625 0.06171875 0.04921875
0 0.69609375 0.246875 0.04453125 0.08046875
0 0.6296875 0.22265625 0.04765625 0.09140625
0 0.625 0.3046875 0.04296875 0.09140625
0 0.65390625 0.32578125 0.028125 0.08203125