0 0.06484375 0.48125 0.1296875 0.36640625
0 0.30859375 0.62265625 0.2671875 0.70703125
0 0.73671875 0.72734375 0.51328125 0.5453125
0 0.21484375 0.31484375 0.13515625 0.1375
0 0.5640625 0.6671875 0.54921875 0.66484375
0 0.715625 0.29375 0.1484375 0.14296875
0 0.91328125 0.38359375 0.16796875 0.12265625
0 0.95859375 0.278125 0.0828125 0.165625
0 0.8703125 0.31171875 0.121875 0.190625
0 0.65546875 0.2890625 0.1015625 0.12734375
0 0.0765625 0.34765625 0.153125 0.146875
0 0.49765625 0.353125 0.153125 0.13984375
0 0.47421875 0.278125 0.1359375 0.08515625