0 0.29296875 0.22734375 0.0671875 0.0625
0 0.46875 0.10078125 0.09140625 0.08828125
0 0.63515625 0.12265625 0.09375 0.0953125
0 0.775 0.065625 0.08125 0.0859375
0 0.671875 0.35625 0.05546875 0.0703125
0 0.66875 0.2046875 0.071875 0.10625
0 0.41484375 0.26875 0.0640625 0.09453125
0 0.50078125 0.4453125 0.0390625 0.0671875
0 0.39296875 0.578125 0.04140625 0.059375
0 0.4578125 0.765625 0.03203125 0.04296875
0 0.5 0.63203125 0.025 0.0484375
0 0.471875 0.64140625 0.028125 0.0484375
0 0.4375 0.6703125 0.0296875 0.0390625
0 0.4 0.70625 0.025 0.0515625
0 0.39921875 0.778125 0.01875 0.03125
0 0.47265625 0.83203125 0.0234375 0.028125
0 0.425 0.8125 0.01875 0.0296875
0 0.31796875 0.79140625 0.01640625 0.03203125
0 0.36796875 0.78515625 0.02109375 0.03671875
0 0.32734375 0.82890625 0.01953125 0.02421875
0 0.3265625 0.8484375 0.015625 0.028125
0 0.646875 0.059375 0.04921875 0.109375
0 0.8140625 0.3125 0.034375 0.04453125
0 0.8234375 0.3375 0.075 0.07578125