0 0.70703125 0.77265625 0.0671875 0.0625
0 0.53125 0.89921875 0.09140625 0.08828125
0 0.36484375 0.87734375 0.09375 0.0953125
0 0.225 0.934375 0.08125 0.0859375
0 0.328125 0.64375 0.05546875 0.0703125
0 0.33125 0.7953125 0.071875 0.10625
0 0.58515625 0.73125 0.0640625 0.09453125
0 0.49921875 0.5546875 0.0390625 0.0671875
0 0.60703125 0.421875 0.04140625 0.059375
0 0.5421875 0.234375 0.03203125 0.04296875
0 0.5 0.36796875 0.025 0.0484375
0 0.528125 0.35859375 0.028125 0.0484375
0 0.5625 0.3296875 0.0296875 0.0390625
0 0.6 0.29375 0.025 0.0515625
0 0.60078125 0.221875 0.01875 0.03125
0 0.52734375 0.16796875 0.0234375 0.028125
0 0.575 0.1875 0.01875 0.0296875
0 0.68203125 0.20859375 0.01640625 0.03203125
0 0.63203125 0.21484375 0.02109375 0.03671875
0 0.67265625 0.17109375 0.01953125 0.02421875
0 0.6734375 0.1515625 0.015625 0.028125
0 0.353125 0.940625 0.04921875 0.109375
0 0.1859375 0.6875 0.034375 0.04453125
0 0.1765625 0.6625 0.075 0.07578125