0 0.9140625 0.90234375 0.03984375 0.08984375
0 0.56796875 0.69609375 0.02578125 0.0671875
0 0.18828125 0.27890625 0.02890625 0.0328125
0 0.62890625 0.54453125 0.0359375 0.03984375
0 0.36953125 0.434375 0.021875 0.04765625
0 0.87578125 0.540625 0.025 0.04921875
0 0.77265625 0.9375 0.0375 0.08671875
0 0.83359375 0.6453125 0.0265625 0.0546875
0 0.35625 0.5078125 0.02109375 0.04921875
0 0.41953125 0.54453125 0.0234375 0.04140625
0 0.5359375 0.278125 0.02265625 0.025
0 0.2703125 0.4625 0.015625 0.053125
0 0.425 0.66484375 0.028125 0.065625
0 0.50703125 0.50078125 0.0328125 0.04765625
0 0.503125 0.38359375 0.03359375 0.034375
0 0.44140625 0.20546875 0.01796875 0.03203125
0 0.053125 0.384375 0.0234375 0.0421875
0 0.69453125 0.3625 0.021875 0.0328125
0 0.7765625 0.63671875 0.02890625 0.0578125
0 0.45078125 0.265625 0.025 0.0328125
0 0.93359375 0.5078125 0.0203125 0.0375
0 0.65546875 0.2875 0.02734375 0.028125
0 0.5328125 0.53671875 0.0375 0.04375
0 0.3328125 0.278125 0.01640625 0.03046875
0 0.57421875 0.25234375 0.03125 0.03828125
0 0.64609375 0.44375 0.02578125 0.0375
0 0.54921875 0.22421875 0.01875 0.03515625
0 0.79140625 0.38984375 0.01875 0.03515625
0 0.69921875 0.91640625 0.03671875 0.090625
0 0.6734375 0.51484375 0.02734375 0.0328125
0 0.1859375 0.325 0.01953125 0.03671875
0 0.50625 0.2296875 0.0203125 0.03125
0 0.90546875 0.3390625 0.01640625 0.028125
0 0.23359375 0.3359375 0.02109375 0.04765625
0 0.665625 0.7859375 0.02578125 0.078125
0 0.21171875 0.48671875 0.02265625 0.06015625
0 0.48203125 0.21328125 0.02578125 0.028125
0 0.55859375 0.33828125 0.0203125 0.02578125
0 0.39296875 0.2390625 0.0140625 0.0328125
0 0.9875 0.3828125 0.025 0.0390625
0 0.959375 0.28359375 0.01484375 0.0328125
0 0.90390625 0.3765625 0.01640625 0.03046875
0 0.7703125 0.35546875 0.01640625 0.03515625
0 0.89453125 0.246875 0.01640625 0.025
0 0.72421875 0.31875 0.0171875 0.02421875
0 0.846875 0.4421875 0.0171875 0.02578125
0 0.29296875 0.48828125 0.01953125 0.04921875
0 0.6671875 0.32109375 0.01953125 0.021875
0 0.56796875 0.30078125 0.01953125 0.01953125
0 0.5625 0.4078125 0.01640625 0.03828125
0 0.73828125 0.25078125 0.015625 0.03046875
0 0.2109375 0.334375 0.01953125 0.03515625
0 0.80703125 0.41875 0.015625 0.0328125