0 0.0859375 0.90234375 0.03984375 0.08984375
0 0.43203125 0.69609375 0.02578125 0.0671875
0 0.81171875 0.27890625 0.02890625 0.0328125
0 0.37109375 0.54453125 0.0359375 0.03984375
0 0.63046875 0.434375 0.021875 0.04765625
0 0.12421875 0.540625 0.025 0.04921875
0 0.22734375 0.9375 0.0375 0.08671875
0 0.16640625 0.6453125 0.0265625 0.0546875
0 0.64375 0.5078125 0.02109375 0.04921875
0 0.58046875 0.54453125 0.0234375 0.04140625
0 0.4640625 0.278125 0.02265625 0.025
0 0.7296875 0.4625 0.015625 0.053125
0 0.575 0.66484375 0.028125 0.065625
0 0.49296875 0.50078125 0.0328125 0.04765625
0 0.496875 0.38359375 0.03359375 0.034375
0 0.55859375 0.20546875 0.01796875 0.03203125
0 0.946875 0.384375 0.0234375 0.0421875
0 0.30546875 0.3625 0.021875 0.0328125
0 0.2234375 0.63671875 0.02890625 0.0578125
0 0.54921875 0.265625 0.025 0.0328125
0 0.06640625 0.5078125 0.0203125 0.0375
0 0.34453125 0.2875 0.02734375 0.028125
0 0.4671875 0.53671875 0.0375 0.04375
0 0.6671875 0.278125 0.01640625 0.03046875
0 0.42578125 0.25234375 0.03125 0.03828125
0 0.35390625 0.44375 0.02578125 0.0375
0 0.45078125 0.22421875 0.01875 0.03515625
0 0.20859375 0.38984375 0.01875 0.03515625
0 0.30078125 0.91640625 0.03671875 0.090625
0 0.3265625 0.51484375 0.02734375 0.0328125
0 0.8140625 0.325 0.01953125 0.03671875
0 0.49375 0.2296875 0.0203125 0.03125
0 0.09453125 0.3390625 0.01640625 0.028125
0 0.76640625 0.3359375 0.02109375 0.04765625
0 0.334375 0.7859375 0.02578125 0.078125
0 0.78828125 0.48671875 0.02265625 0.06015625
0 0.51796875 0.21328125 0.02578125 0.028125
0 0.44140625 0.33828125 0.0203125 0.02578125
0 0.60703125 0.2390625 0.0140625 0.0328125
0 0.0125 0.3828125 0.025 0.0390625
0 0.040625 0.28359375 0.01484375 0.0328125
0 0.09609375 0.3765625 0.01640625 0.03046875
0 0.2296875 0.35546875 0.01640625 0.03515625
0 0.10546875 0.246875 0.01640625 0.025
0 0.27578125 0.31875 0.0171875 0.02421875
0 0.153125 0.4421875 0.0171875 0.02578125
0 0.70703125 0.48828125 0.01953125 0.04921875
0 0.3328125 0.32109375 0.01953125 0.021875
0 0.43203125 0.30078125 0.01953125 0.01953125
0 0.4375 0.4078125 0.01640625 0.03828125
0 0.26171875 0.25078125 0.015625 0.03046875
0 0.7890625 0.334375 0.01953125 0.03515625
0 0.19296875 0.41875 0.015625 0.0328125