0 0.4171875 0.27265625 0.075 0.04375
0 0.2796875 0.4 0.06328125 0.04921875
0 0.41640625 0.33203125 0.07109375 0.05546875
0 0.4890625 0.3265625 0.0671875 0.0421875
0 0.6390625 0.30859375 0.078125 0.04453125
0 0.659375 0.271875 0.07421875 0.04375
0 0.7265625 0.2484375 0.06953125 0.040625
0 0.73671875 0.29375 0.0671875 0.04375
0 0.79921875 0.25546875 0.0703125 0.05
0 0.8765625 0.26015625 0.07421875 0.046875
0 0.95703125 0.2625 0.06484375 0.046875
0 0.9828125 0.3109375 0.03359375 0.040625
0 0.9421875 0.35546875 0.071875 0.03125
0 0.9703125 0.3953125 0.059375 0.0375
0 0.90390625 0.41015625 0.0765625 0.034375
0 0.9171875 0.43828125 0.06484375 0.0375
0 0.97734375 0.4578125 0.0453125 0.05
0 0.9828125 0.48671875 0.034375 0.03828125
0 0.61484375 0.3625 0.07578125 0.03671875
0 0.6125 0.38359375 0.07734375 0.0328125
0 0.703125 0.38359375 0.07109375 0.0484375
0 0.71796875 0.41015625 0.0640625 0.04609375
0 0.7359375 0.42734375 0.05703125 0.03828125
0 0.8140625 0.33515625 0.078125 0.03828125
0 0.803125 0.35859375 0.07578125 0.04296875
0 0.878125 0.36171875 0.06484375 0.0390625
0 0.82890625 0.3 0.08203125 0.034375
0 0.896875 0.32265625 0.08125 0.0375
0 0.7890625 0.40703125 0.065625 0.0375
0 0.8546875 0.46328125 0.05859375 0.0328125
0 0.83125 0.43671875 0.06171875 0.03203125
0 0.60234375 0.45703125 0.08046875 0.0359375
0 0.58203125 0.421875 0.06484375 0.02734375
0 0.53359375 0.36015625 0.0796875 0.03125
0 0.53203125 0.39140625 0.06796875 0.03828125
0 0.484375 0.43046875 0.06640625 0.03203125
0 0.39140625 0.403125 0.06796875 0.05546875
0 0.3125 0.41953125 0.06796875 0.040625
0 0.2734375 0.45078125 0.0515625 0.05703125
0 0.253125 0.49921875 0.06484375 0.028125
0 0.29453125 0.51640625 0.0734375 0.0484375
0 0.29921875 0.5359375 0.06796875 0.04375
0 0.30625 0.5671875 0.06484375 0.05
0 0.32578125 0.59453125 0.06484375 0.0671875
0 0.36640625 0.60546875 0.0609375 0.05625
0 0.42578125 0.6109375 0.059375 0.0421875
0 0.365625 0.63125 0.06015625 0.0421875
0 0.37890625 0.64609375 0.053125 0.0453125
0 0.43828125 0.640625 0.053125 0.03984375
0 0.44140625 0.67421875 0.0453125 0.03671875
0 0.45546875 0.71875 0.046875 0.0421875
0 0.5296875 0.72421875 0.046875 0.04453125
0 0.571875 0.72109375 0.0515625 0.0453125
0 0.6078125 0.7 0.053125 0.0421875
0 0.5296875 0.70078125 0.05625 0.0265625
0 0.54140625 0.6796875 0.05859375 0.0390625
0 0.56015625 0.6515625 0.05390625 0.03046875
0 0.5625 0.61875 0.05078125 0.028125
0 0.4890625 0.58515625 0.05546875 0.03828125
0 0.503125 0.62265625 0.05703125 0.02890625
0 0.5015625 0.63828125 0.04765625 0.025
0 0.49921875 0.65625 0.05625 0.021875
0 0.49296875 0.6703125 0.053125 0.0234375
0 0.47890625 0.68828125 0.0546875 0.02578125
0 0.42578125 0.5578125 0.0609375 0.02578125
0 0.4203125 0.53828125 0.06484375 0.0390625
0 0.37421875 0.4921875 0.0578125 0.0484375
0 0.3421875 0.446875 0.06484375 0.06640625
0 0.428125 0.475 0.0578125 0.04765625
0 0.46328125 0.51328125 0.06796875 0.0234375
0 0.48125 0.540625 0.0515625 0.02890625
0 0.546875 0.5671875 0.06953125 0.02734375
0 0.603125 0.58203125 0.06640625 0.021875
0 0.60078125 0.615625 0.05546875 0.02734375
0 0.61640625 0.64140625 0.05703125 0.03125
0 0.66015625 0.61796875 0.06171875 0.03046875
0 0.53515625 0.4953125 0.07109375 0.02890625
0 0.5234375 0.5171875 0.059375 0.04453125
0 0.5265625 0.53984375 0.06484375 0.0375
0 0.59140625 0.50703125 0.06171875 0.0328125
0 0.6046875 0.52734375 0.0609375 0.0359375
0 0.65546875 0.5171875 0.06796875 0.0375
0 0.67578125 0.5375 0.0625 0.0421875
0 0.66796875 0.58515625 0.05859375 0.0203125
0 0.66640625 0.7421875 0.05234375 0.03125
0 0.659375 0.69609375 0.053125 0.0359375
0 0.80078125 0.4453125 0.0546875 0.03671875
0 0.7859375 0.45703125 0.04453125 0.04296875
0 0.734375 0.51953125 0.059375 0.04453125
0 0.6875 0.5625 0.05390625 0.02421875
0 0.7515625 0.553125 0.0578125 0.0265625
0 0.7125 0.5796875 0.0515625 0.034375
0 0.71328125 0.6140625 0.04921875 0.0390625
0 0.7609375 0.60390625 0.059375 0.02890625
0 0.76171875 0.5671875 0.0578125 0.03359375
0 0.77265625 0.5203125 0.04921875 0.03046875
0 0.78671875 0.484375 0.06484375 0.0265625
0 0.840625 0.50078125 0.05390625 0.03515625
0 0.83046875 0.53203125 0.0640625 0.03359375
0 0.8109375 0.5609375 0.0546875 0.040625
0 0.71875 0.65546875 0.0515625 0.03046875
0 0.7171875 0.6734375 0.05546875 0.02734375
0 0.74140625 0.68828125 0.046875 0.02578125
0 0.709375 0.72109375 0.05 0.0359375
0 0.76640625 0.759375 0.05078125 0.03359375
0 0.7453125 0.74375 0.05 0.03359375
0 0.7484375 0.71484375 0.05234375 0.0234375
0 0.803125 0.73203125 0.059375 0.03046875
0 0.9046875 0.72890625 0.0578125 0.0234375
0 0.85 0.7265625 0.04140625 0.0203125
0 0.80546875 0.70859375 0.0515625 0.02578125
0 0.86484375 0.70703125 0.0609375 0.02109375
0 0.82265625 0.68984375 0.0578125 0.02734375
0 0.8203125 0.66796875 0.05546875 0.0234375
0 0.771875 0.64921875 0.05625 0.02734375
0 0.79609375 0.62421875 0.059375 0.02578125
0 0.834375 0.6453125 0.0625 0.028125
0 0.88203125 0.6671875 0.05625 0.0296875
0 0.91953125 0.70546875 0.05546875 0.02578125
0 0.915625 0.6890625 0.05234375 0.02109375
0 0.97578125 0.68828125 0.0484375 0.028125
0 0.94375 0.6765625 0.05546875 0.028125
0 0.921875 0.64375 0.0484375 0.02734375
0 0.940625 0.63515625 0.0515625 0.03203125
0 0.95390625 0.5796875 0.05546875 0.0296875
0 0.97578125 0.60625 0.0484375 0.034375
0 0.93046875 0.59453125 0.05625 0.02578125
0 0.8734375 0.58984375 0.0515625 0.02265625
0 0.87109375 0.56875 0.0671875 0.028125
0 0.9359375 0.5359375 0.0578125 0.03359375
0 0.89296875 0.54765625 0.0625 0.0234375
0 0.884375 0.52890625 0.06484375 0.02734375
0 0.9015625 0.50859375 0.06484375 0.03359375
0 0.89609375 0.48671875 0.06796875 0.03125