0 0.4171875 0.72734375 0.075 0.04375
0 0.2796875 0.6 0.06328125 0.04921875
0 0.41640625 0.66796875 0.07109375 0.05546875
0 0.4890625 0.6734375 0.0671875 0.0421875
0 0.6390625 0.69140625 0.078125 0.04453125
0 0.659375 0.728125 0.07421875 0.04375
0 0.7265625 0.7515625 0.06953125 0.040625
0 0.73671875 0.70625 0.0671875 0.04375
0 0.79921875 0.74453125 0.0703125 0.05
0 0.8765625 0.73984375 0.07421875 0.046875
0 0.95703125 0.7375 0.06484375 0.046875
0 0.9828125 0.6890625 0.03359375 0.040625
0 0.9421875 0.64453125 0.071875 0.03125
0 0.9703125 0.6046875 0.059375 0.0375
0 0.90390625 0.58984375 0.0765625 0.034375
0 0.9171875 0.56171875 0.06484375 0.0375
0 0.97734375 0.5421875 0.0453125 0.05
0 0.9828125 0.51328125 0.034375 0.03828125
0 0.61484375 0.6375 0.07578125 0.03671875
0 0.6125 0.61640625 0.07734375 0.0328125
0 0.703125 0.61640625 0.07109375 0.0484375
0 0.71796875 0.58984375 0.0640625 0.04609375
0 0.7359375 0.57265625 0.05703125 0.03828125
0 0.8140625 0.66484375 0.078125 0.03828125
0 0.803125 0.64140625 0.07578125 0.04296875
0 0.878125 0.63828125 0.06484375 0.0390625
0 0.82890625 0.7 0.08203125 0.034375
0 0.896875 0.67734375 0.08125 0.0375
0 0.7890625 0.59296875 0.065625 0.0375
0 0.8546875 0.53671875 0.05859375 0.0328125
0 0.83125 0.56328125 0.06171875 0.03203125
0 0.60234375 0.54296875 0.08046875 0.0359375
0 0.58203125 0.578125 0.06484375 0.02734375
0 0.53359375 0.63984375 0.0796875 0.03125
0 0.53203125 0.60859375 0.06796875 0.03828125
0 0.484375 0.56953125 0.06640625 0.03203125
0 0.39140625 0.596875 0.06796875 0.05546875
0 0.3125 0.58046875 0.06796875 0.040625
0 0.2734375 0.54921875 0.0515625 0.05703125
0 0.253125 0.50078125 0.06484375 0.028125
0 0.29453125 0.48359375 0.0734375 0.0484375
0 0.29921875 0.4640625 0.06796875 0.04375
0 0.30625 0.4328125 0.06484375 0.05
0 0.32578125 0.40546875 0.06484375 0.0671875
0 0.36640625 0.39453125 0.0609375 0.05625
0 0.42578125 0.3890625 0.059375 0.0421875
0 0.365625 0.36875 0.06015625 0.0421875
0 0.37890625 0.35390625 0.053125 0.0453125
0 0.43828125 0.359375 0.053125 0.03984375
0 0.44140625 0.32578125 0.0453125 0.03671875
0 0.45546875 0.28125 0.046875 0.0421875
0 0.5296875 0.27578125 0.046875 0.04453125
0 0.571875 0.27890625 0.0515625 0.0453125
0 0.6078125 0.3 0.053125 0.0421875
0 0.5296875 0.29921875 0.05625 0.0265625
0 0.54140625 0.3203125 0.05859375 0.0390625
0 0.56015625 0.3484375 0.05390625 0.03046875
0 0.5625 0.38125 0.05078125 0.028125
0 0.4890625 0.41484375 0.05546875 0.03828125
0 0.503125 0.37734375 0.05703125 0.02890625
0 0.5015625 0.36171875 0.04765625 0.025
0 0.49921875 0.34375 0.05625 0.021875
0 0.49296875 0.3296875 0.053125 0.0234375
0 0.47890625 0.31171875 0.0546875 0.02578125
0 0.42578125 0.4421875 0.0609375 0.02578125
0 0.4203125 0.46171875 0.06484375 0.0390625
0 0.37421875 0.5078125 0.0578125 0.0484375
0 0.3421875 0.553125 0.06484375 0.06640625
0 0.428125 0.525 0.0578125 0.04765625
0 0.46328125 0.48671875 0.06796875 0.0234375
0 0.48125 0.459375 0.0515625 0.02890625
0 0.546875 0.4328125 0.06953125 0.02734375
0 0.603125 0.41796875 0.06640625 0.021875
0 0.60078125 0.384375 0.05546875 0.02734375
0 0.61640625 0.35859375 0.05703125 0.03125
0 0.66015625 0.38203125 0.06171875 0.03046875
0 0.53515625 0.5046875 0.07109375 0.02890625
0 0.5234375 0.4828125 0.059375 0.04453125
0 0.5265625 0.46015625 0.06484375 0.0375
0 0.59140625 0.49296875 0.06171875 0.0328125
0 0.6046875 0.47265625 0.0609375 0.0359375
0 0.65546875 0.4828125 0.06796875 0.0375
0 0.67578125 0.4625 0.0625 0.0421875
0 0.66796875 0.41484375 0.05859375 0.0203125
0 0.66640625 0.2578125 0.05234375 0.03125
0 0.659375 0.30390625 0.053125 0.0359375
0 0.80078125 0.5546875 0.0546875 0.03671875
0 0.7859375 0.54296875 0.04453125 0.04296875
0 0.734375 0.48046875 0.059375 0.04453125
0 0.6875 0.4375 0.05390625 0.02421875
0 0.7515625 0.446875 0.0578125 0.0265625
0 0.7125 0.4203125 0.0515625 0.034375
0 0.71328125 0.3859375 0.04921875 0.0390625
0 0.7609375 0.39609375 0.059375 0.02890625
0 0.76171875 0.4328125 0.0578125 0.03359375
0 0.77265625 0.4796875 0.04921875 0.03046875
0 0.78671875 0.515625 0.06484375 0.0265625
0 0.840625 0.49921875 0.05390625 0.03515625
0 0.83046875 0.46796875 0.0640625 0.03359375
0 0.8109375 0.4390625 0.0546875 0.040625
0 0.71875 0.34453125 0.0515625 0.03046875
0 0.7171875 0.3265625 0.05546875 0.02734375
0 0.74140625 0.31171875 0.046875 0.02578125
0 0.709375 0.27890625 0.05 0.0359375
0 0.76640625 0.240625 0.05078125 0.03359375
0 0.7453125 0.25625 0.05 0.03359375
0 0.7484375 0.28515625 0.05234375 0.0234375
0 0.803125 0.26796875 0.059375 0.03046875
0 0.9046875 0.27109375 0.0578125 0.0234375
0 0.85 0.2734375 0.04140625 0.0203125
0 0.80546875 0.29140625 0.0515625 0.02578125
0 0.86484375 0.29296875 0.0609375 0.02109375
0 0.82265625 0.31015625 0.0578125 0.02734375
0 0.8203125 0.33203125 0.05546875 0.0234375
0 0.771875 0.35078125 0.05625 0.02734375
0 0.79609375 0.37578125 0.059375 0.02578125
0 0.834375 0.3546875 0.0625 0.028125
0 0.88203125 0.3328125 0.05625 0.0296875
0 0.91953125 0.29453125 0.05546875 0.02578125
0 0.915625 0.3109375 0.05234375 0.02109375
0 0.97578125 0.31171875 0.0484375 0.028125
0 0.94375 0.3234375 0.05546875 0.028125
0 0.921875 0.35625 0.0484375 0.02734375
0 0.940625 0.36484375 0.0515625 0.03203125
0 0.95390625 0.4203125 0.05546875 0.0296875
0 0.97578125 0.39375 0.0484375 0.034375
0 0.93046875 0.40546875 0.05625 0.02578125
0 0.8734375 0.41015625 0.0515625 0.02265625
0 0.87109375 0.43125 0.0671875 0.028125
0 0.9359375 0.4640625 0.0578125 0.03359375
0 0.89296875 0.45234375 0.0625 0.0234375
0 0.884375 0.47109375 0.06484375 0.02734375
0 0.9015625 0.49140625 0.06484375 0.03359375
0 0.89609375 0.51328125 0.06796875 0.03125