0 0.65546875 0.34453125 0.040625 0.015625
0 0.6078125 0.56796875 0.0390625 0.0296875
0 0.83203125 0.56796875 0.0328125 0.05234375
0 0.55625 0.69921875 0.02890625 0.046875
0 0.70546875 0.765625 0.03359375 0.03671875
0 0.81484375 0.75078125 0.028125 0.0578125
0 0.85703125 0.80234375 0.0453125 0.028125
0 0.93515625 0.83203125 0.0421875 0.028125
0 0.9109375 0.70703125 0.0515625 0.025
0 0.90546875 0.6546875 0.04921875 0.0328125
0 0.94296875 0.6453125 0.0265625 0.04921875
0 0.95859375 0.68046875 0.021875 0.053125
0 0.975 0.88984375 0.046875 0.0453125
0 0.90703125 0.95234375 0.03984375 0.04296875