0 0.03828125 0.475 0.015625 0.0421875
0 0.1046875 0.47890625 0.02421875 0.0265625
0 0.415625 0.34921875 0.02109375 0.03359375
0 0.49140625 0.42265625 0.0171875 0.0375
0 0.48515625 0.51171875 0.0203125 0.02890625
0 0.553125 0.4859375 0.02890625 0.02890625
0 0.7734375 0.19921875 0.015625 0.03359375
0 0.81328125 0.3984375 0.0234375 0.03203125
0 0.94375 0.39296875 0.01640625 0.03828125
0 0.60234375 0.75625 0.01875 0.03203125
0 0.62734375 0.73046875 0.03125 0.02734375
0 0.75703125 0.746875 0.0203125 0.02265625
0 0.8578125 0.7171875 0.02421875 0.0296875
0 0.9421875 0.690625 0.02265625 0.0328125