0 0.5890625 0.09140625 0.02734375 0.059375
0 0.53359375 0.0546875 0.0265625 0.0484375
0 0.45546875 0.04765625 0.04140625 0.040625
0 0.515625 0.159375 0.0265625 0.04765625
0 0.478125 0.14921875 0.0375 0.0359375
0 0.46875 0.20078125 0.0203125 0.05546875
0 0.453125 0.240625 0.02890625 0.0390625
0 0.41015625 0.228125 0.0390625 0.03046875
0 0.40859375 0.17578125 0.04296875 0.0265625
0 0.4234375 0.12421875 0.03828125 0.04765625
0 0.3078125 0.1296875 0.021875 0.06640625
0 0.028125 0.2 0.0484375 0.03046875
0 0.15 0.22578125 0.0359375 0.04453125
0 0.11875 0.32578125 0.04296875 0.025
0 0.33828125 0.31953125 0.03125 0.05234375
0 0.18984375 0.53515625 0.02734375 0.0453125