0 0.90703125 0.4625 0.02421875 0.06171875
0 0.609375 0.4671875 0.02109375 0.06015625
0 0.5609375 0.43046875 0.03125 0.040625
0 0.48203125 0.41875 0.04609375 0.03515625
0 0.54765625 0.36640625 0.034375 0.02421875
0 0.53671875 0.52890625 0.03203125 0.0484375
0 0.50078125 0.521875 0.03984375 0.034375
0 0.4453125 0.49375 0.03671875 0.04140625
0 0.428125 0.546875 0.0453125 0.0203125
0 0.4859375 0.5703125 0.02109375 0.05625
0 0.4671875 0.60546875 0.01796875 0.05234375
0 0.42734375 0.59453125 0.0390625 0.0234375
0 0.35234375 0.6875 0.03203125 0.05234375
0 0.32890625 0.5 0.0234375 0.05703125
0 0.16875 0.596875 0.0453125 0.03359375
0 0.1375 0.690625 0.04921875 0.0265625
0 0.18984375 0.23359375 0.03828125 0.0546875
0 0.19765625 0.89921875 0.02421875 0.05390625
0 0.046875 0.5609375 0.04921875 0.0265625