0 0.5390625 0.41171875 0.01640625 0.02578125
0 0.47734375 0.43125 0.0125 0.0171875
0 0.5 0.45390625 0.02109375 0.01484375
0 0.44765625 0.4859375 0.015625 0.025
0 0.53125 0.50078125 0.009375 0.025
0 0.54453125 0.49453125 0.01640625 0.02265625
0 0.47109375 0.4671875 0.0109375 0.0265625
0 0.48046875 0.45 0.0109375 0.025
0 0.59453125 0.471875 0.015625 0.01328125
0 0.6484375 0.43359375 0.01484375 0.02578125
0 0.59921875 0.51171875 0.01953125 0.0203125
0 0.6796875 0.48046875 0.01484375 0.0203125
0 0.73984375 0.525 0.0171875 0.015625
0 0.70546875 0.5703125 0.02109375 0.015625
0 0.71015625 0.584375 0.021875 0.0125
0 0.678125 0.6546875 0.0171875 0.0203125
0 0.75078125 0.72734375 0.0109375 0.0296875
0 0.659375 0.74375 0.009375 0.02109375
0 0.66953125 0.76171875 0.0140625 0.021875
0 0.69609375 0.4296875 0.0140625 0.02265625
0 0.70859375 0.95078125 0.01484375 0.02265625
0 0.6140625 0.81328125 0.01328125 0.0296875