0 0.1234375 0.5875 0.0140625 0.0234375
0 0.16796875 0.58984375 0.0140625 0.02734375
0 0.14140625 0.54140625 0.015625 0.021875
0 0.09453125 0.5015625 0.01328125 0.02265625
0 0.121875 0.43515625 0.021875 0.01328125
0 0.1421875 0.44296875 0.02109375 0.015625
0 0.14140625 0.36484375 0.02421875 0.009375
0 0.08984375 0.2890625 0.009375 0.02890625
0 0.171875 0.265625 0.01640625 0.01796875
0 0.17890625 0.28671875 0.0140625 0.0203125
0 0.23125 0.2234375 0.01328125 0.025
0 0.14921875 0.071875 0.01328125 0.0234375
0 0.27265625 0.63125 0.01640625 0.0234375
0 0.3125 0.59375 0.01796875 0.01875
0 0.33046875 0.61796875 0.01953125 0.01171875
0 0.27265625 0.5484375 0.015625 0.02109375
0 0.2875 0.54453125 0.0125 0.0234375
0 0.36796875 0.57109375 0.01875 0.02265625
0 0.34375 0.5859375 0.01328125 0.028125
0 0.3328125 0.60234375 0.0125 0.02109375
0 0.2234375 0.5671875 0.01875 0.01484375
0 0.22265625 0.52265625 0.0171875 0.021875