0 0.7953125 0.38515625 0.0234375 0.01953125
0 0.815625 0.4078125 0.02578125 0.02734375
0 0.8515625 0.3703125 0.01953125 0.0234375
0 0.8390625 0.390625 0.01640625 0.025
0 0.871875 0.37734375 0.025 0.02265625
0 0.90859375 0.33515625 0.028125 0.028125
0 0.8984375 0.42265625 0.01640625 0.03046875
0 0.91953125 0.425 0.025 0.02578125
0 0.95703125 0.390625 0.02421875 0.021875
0 0.96640625 0.4359375 0.02578125 0.02109375
0 0.98671875 0.51640625 0.02109375 0.0171875
0 0.8375 0.70546875 0.03046875 0.015625
0 0.78828125 0.77265625 0.0234375 0.01328125
0 0.9765625 0.7703125 0.02578125 0.02421875
0 0.8765625 0.971875 0.0265625 0.02734375