0 0.88359375 0.47421875 0.0390625 0.0421875
0 0.8078125 0.55078125 0.040625 0.028125
0 0.89453125 0.6578125 0.02578125 0.05390625
0 0.78359375 0.64296875 0.0390625 0.05
0 0.73828125 0.71640625 0.03984375 0.03046875
0 0.796875 0.5921875 0.05078125 0.01953125
0 0.7359375 0.61015625 0.04140625 0.028125
0 0.659375 0.675 0.02890625 0.05703125
0 0.6203125 0.6328125 0.028125 0.0453125
0 0.66953125 0.75546875 0.0390625 0.03125
0 0.69609375 0.596875 0.0328125 0.040625
0 0.7421875 0.56640625 0.02734375 0.05
0 0.7640625 0.53046875 0.02734375 0.05
0 0.47109375 0.30078125 0.040625 0.0296875