0 0.41640625 0.38203125 0.03671875 0.0296875
0 0.60703125 0.57421875 0.028125 0.04609375
0 0.38203125 0.61484375 0.0359375 0.021875
0 0.32578125 0.74921875 0.0375 0.034375
0 0.60390625 0.76171875 0.015625 0.06796875
0 0.6703125 0.796875 0.04296875 0.0296875
0 0.6984375 0.7046875 0.0453125 0.02578125
0 0.6890625 0.6546875 0.0421875 0.02890625
0 0.7484375 0.66875 0.021875 0.053125
0 0.728125 0.63671875 0.02421875 0.04453125
0 0.7984375 0.70234375 0.03203125 0.04375
0 0.80625 0.75390625 0.040625 0.03203125
0 0.78359375 0.7796875 0.0421875 0.040625
0 0.7359375 0.83125 0.0515625 0.02265625
0 0.7890625 0.87421875 0.03515625 0.0484375
0 0.721875 0.9625 0.03203125 0.0546875
0 0.49609375 0.7984375 0.0390625 0.0296875