0 0.89375 0.2828125 0.0234375 0.0171875
0 0.96015625 0.78046875 0.01875 0.01953125
0 0.93984375 0.721875 0.01875 0.0171875
0 0.94375 0.7078125 0.025 0.0125
0 0.778125 0.784375 0.01796875 0.0203125
0 0.671875 0.6625 0.01953125 0.01484375
0 0.55625 0.76015625 0.01171875 0.03203125
0 0.63515625 0.73984375 0.0125 0.025
0 0.6203125 0.72734375 0.01875 0.01796875
0 0.49140625 0.79296875 0.009375 0.02421875
0 0.50078125 0.79765625 0.0109375 0.028125
0 0.4234375 0.76171875 0.015625 0.02109375
0 0.41171875 0.64765625 0.009375 0.02734375
0 0.44375 0.65234375 0.01640625 0.025
0 0.4296875 0.58125 0.01640625 0.025
0 0.43359375 0.56171875 0.02109375 0.01328125
0 0.36796875 0.575 0.01953125 0.0234375
0 0.3984375 0.52421875 0.01171875 0.03046875
0 0.38046875 0.49453125 0.01015625 0.02421875
0 0.4203125 0.45234375 0.01875 0.02109375
0 0.40703125 0.48359375 0.02265625 0.01484375
0 0.39453125 0.49765625 0.01953125 0.01953125
0 0.3875 0.7203125 0.0203125 0.02578125
0 0.3875 0.7828125 0.01875 0.0203125
0 0.9703125 0.85859375 0.02421875 0.015625
0 0.984375 0.81171875 0.02421875 0.0203125
0 0.61015625 0.84765625 0.02265625 0.015625
0 0.45546875 0.828125 0.02109375 0.01640625