0 0.32265625 0.44375 0.04296875 0.0296875
0 0.47734375 0.14765625 0.034375 0.03828125
0 0.3734375 0.5796875 0.03359375 0.0203125
0 0.48359375 0.39296875 0.03515625 0.02578125
0 0.40390625 0.8046875 0.040625 0.025
0 0.59296875 0.4328125 0.01640625 0.06484375
0 0.59765625 0.6125 0.034375 0.04609375
0 0.65625 0.390625 0.0515625 0.03359375
0 0.709375 0.228125 0.03828125 0.05078125
0 0.778125 0.3140625 0.0328125 0.0484375
0 0.72578125 0.365625 0.053125 0.01796875
0 0.68203125 0.484375 0.04765625 0.0296875
0 0.67109375 0.53984375 0.04140625 0.03671875
0 0.77109375 0.4078125 0.0390625 0.04375
0 0.796875 0.43828125 0.03203125 0.025
0 0.78984375 0.48359375 0.025 0.0421875
0 0.7375 0.51875 0.01875 0.0484375
0 0.71484375 0.55078125 0.021875 0.046875