0 0.88359375 0.52578125 0.0390625 0.0421875
0 0.8078125 0.44921875 0.040625 0.028125
0 0.89453125 0.3421875 0.02578125 0.05390625
0 0.78359375 0.35703125 0.0390625 0.05
0 0.73828125 0.28359375 0.03984375 0.03046875
0 0.796875 0.4078125 0.05078125 0.01953125
0 0.7359375 0.38984375 0.04140625 0.028125
0 0.659375 0.325 0.02890625 0.05703125
0 0.6203125 0.3671875 0.028125 0.0453125
0 0.66953125 0.24453125 0.0390625 0.03125
0 0.69609375 0.403125 0.0328125 0.040625
0 0.7421875 0.43359375 0.02734375 0.05
0 0.7640625 0.46953125 0.02734375 0.05
0 0.47109375 0.69921875 0.040625 0.0296875