0 0.47421875 0.51875 0.03671875 0.02578125
0 0.659375 0.05078125 0.03984375 0.03359375
0 0.609375 0.17109375 0.028125 0.05078125
0 0.646875 0.13046875 0.02578125 0.05234375
0 0.8828125 0.1484375 0.03046875 0.06328125
0 0.77265625 0.175 0.03671875 0.03984375
0 0.78828125 0.21328125 0.05625 0.02578125
0 0.7953125 0.2625 0.0359375 0.02734375
0 0.87421875 0.33984375 0.0375 0.04453125
0 0.75546875 0.27890625 0.0234375 0.05
0 0.7328125 0.24453125 0.028125 0.0515625
0 0.72265625 0.19609375 0.04296875 0.03203125
0 0.68671875 0.21171875 0.03203125 0.04765625
0 0.73046875 0.08984375 0.04453125 0.03671875