0 0.46171875 0.44140625 0.00703125 0.025
0 0.49765625 0.39453125 0.015625 0.025
0 0.50078125 0.47890625 0.00859375 0.021875
0 0.515625 0.43984375 0.01171875 0.0203125
0 0.52578125 0.40703125 0.01796875 0.01328125
0 0.5421875 0.39296875 0.0125 0.02734375
0 0.64765625 0.353125 0.015625 0.02265625
0 0.6890625 0.39140625 0.0203125 0.01328125
0 0.71953125 0.40234375 0.0109375 0.02109375
0 0.70859375 0.38515625 0.0140625 0.02421875
0 0.74375 0.41640625 0.0125 0.02265625
0 0.57265625 0.43984375 0.01875 0.01796875
0 0.596875 0.46171875 0.015625 0.0171875
0 0.64765625 0.434375 0.01484375 0.02109375
0 0.66328125 0.440625 0.0109375 0.0234375
0 0.53671875 0.59609375 0.00546875 0.02734375
0 0.490625 0.71484375 0.00859375 0.028125
0 0.5453125 0.74921875 0.01640625 0.0203125
0 0.5484375 0.71953125 0.01484375 0.01875
0 0.54609375 0.70234375 0.0203125 0.0140625
0 0.60625 0.7625 0.0125 0.025
0 0.52265625 0.9125 0.01171875 0.0203125