0 0.7953125 0.61484375 0.0234375 0.01953125
0 0.815625 0.5921875 0.02578125 0.02734375
0 0.8515625 0.6296875 0.01953125 0.0234375
0 0.8390625 0.609375 0.01640625 0.025
0 0.871875 0.62265625 0.025 0.02265625
0 0.90859375 0.66484375 0.028125 0.028125
0 0.8984375 0.57734375 0.01640625 0.03046875
0 0.91953125 0.575 0.025 0.02578125
0 0.95703125 0.609375 0.02421875 0.021875
0 0.96640625 0.5640625 0.02578125 0.02109375
0 0.98671875 0.48359375 0.02109375 0.0171875
0 0.8375 0.29453125 0.03046875 0.015625
0 0.78828125 0.22734375 0.0234375 0.01328125
0 0.9765625 0.2296875 0.02578125 0.02421875
0 0.8765625 0.028125 0.0265625 0.02734375