0 0.34296875 0.9484375 0.0265625 0.06796875
0 0.47265625 0.65859375 0.0359375 0.0515625
0 0.31328125 0.37265625 0.0390625 0.03828125
0 0.3578125 0.2375 0.03125 0.04296875
0 0.47734375 0.41796875 0.04453125 0.0234375
0 0.58515625 0.19921875 0.03203125 0.0375
0 0.5859375 0.371875 0.01875 0.05703125
0 0.69765625 0.571875 0.028125 0.05
0 0.76484375 0.490625 0.03984375 0.0390625
0 0.64296875 0.41484375 0.0265625 0.0359375
0 0.715625 0.4390625 0.04921875 0.02109375
0 0.76328125 0.39453125 0.04140625 0.0375
0 0.665625 0.275 0.03515625 0.02578125
0 0.675 0.32421875 0.0375 0.0375
0 0.78359375 0.36484375 0.046875 0.0359375
0 0.70625 0.26015625 0.028125 0.04375
0 0.728125 0.3 0.03046875 0.04453125
0 0.77734375 0.32578125 0.02890625 0.04453125
0 0.390625 0.0125 0.034375 0.02265625