0 0.4109375 0.90859375 0.02734375 0.059375
0 0.46640625 0.9453125 0.0265625 0.0484375
0 0.54453125 0.95234375 0.04140625 0.040625
0 0.484375 0.840625 0.0265625 0.04765625
0 0.521875 0.85078125 0.0375 0.0359375
0 0.53125 0.79921875 0.0203125 0.05546875
0 0.546875 0.759375 0.02890625 0.0390625
0 0.58984375 0.771875 0.0390625 0.03046875
0 0.59140625 0.82421875 0.04296875 0.0265625
0 0.5765625 0.87578125 0.03828125 0.04765625
0 0.6921875 0.8703125 0.021875 0.06640625
0 0.971875 0.8 0.0484375 0.03046875
0 0.85 0.77421875 0.0359375 0.04453125
0 0.88125 0.67421875 0.04296875 0.025
0 0.66171875 0.68046875 0.03125 0.05234375
0 0.81015625 0.46484375 0.02734375 0.0453125