0 0.2046875 0.38515625 0.0234375 0.01953125
0 0.184375 0.4078125 0.02578125 0.02734375
0 0.1484375 0.3703125 0.01953125 0.0234375
0 0.1609375 0.390625 0.01640625 0.025
0 0.128125 0.37734375 0.025 0.02265625
0 0.09140625 0.33515625 0.028125 0.028125
0 0.1015625 0.42265625 0.01640625 0.03046875
0 0.08046875 0.425 0.025 0.02578125
0 0.04296875 0.390625 0.02421875 0.021875
0 0.03359375 0.4359375 0.02578125 0.02109375
0 0.01328125 0.51640625 0.02109375 0.0171875
0 0.1625 0.70546875 0.03046875 0.015625
0 0.21171875 0.77265625 0.0234375 0.01328125
0 0.0234375 0.7703125 0.02578125 0.02421875
0 0.1234375 0.971875 0.0265625 0.02734375