0 0.0890625 0.5421875 0.02734375 0.0546875
0 0.7875 0.44453125 0.0515625 0.02734375
0 0.5734375 0.62265625 0.03828125 0.04296875
0 0.515625 0.92890625 0.025 0.04296875
0 0.37265625 0.7828125 0.03828125 0.034375
0 0.409375 0.840625 0.03125 0.0609375
0 0.42578125 0.9453125 0.025 0.06328125
0 0.3375 0.89921875 0.02890625 0.059375
0 0.3015625 0.890625 0.02734375 0.05625
0 0.2890625 0.940625 0.0296875 0.03125
0 0.31875 0.96796875 0.05078125 0.03203125
0 0.24375 0.7859375 0.0375 0.03828125
0 0.396875 0.6375 0.028125 0.0453125
0 0.35703125 0.42578125 0.0359375 0.0421875
0 0.25703125 0.49375 0.03046875 0.05