0 0.58359375 0.61796875 0.03671875 0.0296875
0 0.39296875 0.42578125 0.028125 0.04609375
0 0.61796875 0.38515625 0.0359375 0.021875
0 0.67421875 0.25078125 0.0375 0.034375
0 0.39609375 0.23828125 0.015625 0.06796875
0 0.3296875 0.203125 0.04296875 0.0296875
0 0.3015625 0.2953125 0.0453125 0.02578125
0 0.3109375 0.3453125 0.0421875 0.02890625
0 0.2515625 0.33125 0.021875 0.053125
0 0.271875 0.36328125 0.02421875 0.04453125
0 0.2015625 0.29765625 0.03203125 0.04375
0 0.19375 0.24609375 0.040625 0.03203125
0 0.21640625 0.2203125 0.0421875 0.040625
0 0.2640625 0.16875 0.0515625 0.02265625
0 0.2109375 0.12578125 0.03515625 0.0484375
0 0.278125 0.0375 0.03203125 0.0546875
0 0.50390625 0.2015625 0.0390625 0.0296875