0 0.34453125 0.65546875 0.040625 0.015625
0 0.3921875 0.43203125 0.0390625 0.0296875
0 0.16796875 0.43203125 0.0328125 0.05234375
0 0.44375 0.30078125 0.02890625 0.046875
0 0.29453125 0.234375 0.03359375 0.03671875
0 0.18515625 0.24921875 0.028125 0.0578125
0 0.14296875 0.19765625 0.0453125 0.028125
0 0.06484375 0.16796875 0.0421875 0.028125
0 0.0890625 0.29296875 0.0515625 0.025
0 0.09453125 0.3453125 0.04921875 0.0328125
0 0.05703125 0.3546875 0.0265625 0.04921875
0 0.04140625 0.31953125 0.021875 0.053125
0 0.025 0.11015625 0.046875 0.0453125
0 0.09296875 0.04765625 0.03984375 0.04296875