0 0.4609375 0.41171875 0.01640625 0.02578125
0 0.52265625 0.43125 0.0125 0.0171875
0 0.5 0.45390625 0.02109375 0.01484375
0 0.55234375 0.4859375 0.015625 0.025
0 0.46875 0.50078125 0.009375 0.025
0 0.45546875 0.49453125 0.01640625 0.02265625
0 0.52890625 0.4671875 0.0109375 0.0265625
0 0.51953125 0.45 0.0109375 0.025
0 0.40546875 0.471875 0.015625 0.01328125
0 0.3515625 0.43359375 0.01484375 0.02578125
0 0.40078125 0.51171875 0.01953125 0.0203125
0 0.3203125 0.48046875 0.01484375 0.0203125
0 0.26015625 0.525 0.0171875 0.015625
0 0.29453125 0.5703125 0.02109375 0.015625
0 0.28984375 0.584375 0.021875 0.0125
0 0.321875 0.6546875 0.0171875 0.0203125
0 0.24921875 0.72734375 0.0109375 0.0296875
0 0.340625 0.74375 0.009375 0.02109375
0 0.33046875 0.76171875 0.0140625 0.021875
0 0.30390625 0.4296875 0.0140625 0.02265625
0 0.29140625 0.95078125 0.01484375 0.02265625
0 0.3859375 0.81328125 0.01328125 0.0296875