0 0.60703125 0.778125 0.009375 0.03125
0 0.55390625 0.80234375 0.015625 0.03125
0 0.33203125 0.784375 0.01796875 0.0234375
0 0.31171875 0.75703125 0.0171875 0.02265625
0 0.87578125 0.01953125 0.01328125 0.02734375
0 0.8484375 0.09609375 0.01328125 0.0234375
0 0.8296875 0.05 0.0171875 0.02421875
0 0.80234375 0.10078125 0.01328125 0.0296875
0 0.7484375 0.028125 0.015625 0.01953125
0 0.74453125 0.0703125 0.01953125 0.01875
0 0.69609375 0.05390625 0.015625 0.02109375
0 0.68203125 0.05 0.0125 0.02578125
0 0.69609375 0.1375 0.01796875 0.02734375
0 0.65625 0.1 0.01953125 0.01953125
0 0.60078125 0.07421875 0.02109375 0.02109375
0 0.62578125 0.090625 0.01484375 0.02734375
0 0.63671875 0.109375 0.0125 0.02421875
0 0.59609375 0.1015625 0.0203125 0.01953125