0 0.32265625 0.55625 0.04296875 0.0296875
0 0.47734375 0.85234375 0.034375 0.03828125
0 0.3734375 0.4203125 0.03359375 0.0203125
0 0.48359375 0.60703125 0.03515625 0.02578125
0 0.40390625 0.1953125 0.040625 0.025
0 0.59296875 0.5671875 0.01640625 0.06484375
0 0.59765625 0.3875 0.034375 0.04609375
0 0.65625 0.609375 0.0515625 0.03359375
0 0.709375 0.771875 0.03828125 0.05078125
0 0.778125 0.6859375 0.0328125 0.0484375
0 0.72578125 0.634375 0.053125 0.01796875
0 0.68203125 0.515625 0.04765625 0.0296875
0 0.67109375 0.46015625 0.04140625 0.03671875
0 0.77109375 0.5921875 0.0390625 0.04375
0 0.796875 0.56171875 0.03203125 0.025
0 0.78984375 0.51640625 0.025 0.0421875
0 0.7375 0.48125 0.01875 0.0484375
0 0.71484375 0.44921875 0.021875 0.046875