0 0.53828125 0.44140625 0.00703125 0.025
0 0.50234375 0.39453125 0.015625 0.025
0 0.49921875 0.47890625 0.00859375 0.021875
0 0.484375 0.43984375 0.01171875 0.0203125
0 0.47421875 0.40703125 0.01796875 0.01328125
0 0.4578125 0.39296875 0.0125 0.02734375
0 0.35234375 0.353125 0.015625 0.02265625
0 0.3109375 0.39140625 0.0203125 0.01328125
0 0.28046875 0.40234375 0.0109375 0.02109375
0 0.29140625 0.38515625 0.0140625 0.02421875
0 0.25625 0.41640625 0.0125 0.02265625
0 0.42734375 0.43984375 0.01875 0.01796875
0 0.403125 0.46171875 0.015625 0.0171875
0 0.35234375 0.434375 0.01484375 0.02109375
0 0.33671875 0.440625 0.0109375 0.0234375
0 0.46328125 0.59609375 0.00546875 0.02734375
0 0.509375 0.71484375 0.00859375 0.028125
0 0.4546875 0.74921875 0.01640625 0.0203125
0 0.4515625 0.71953125 0.01484375 0.01875
0 0.45390625 0.70234375 0.0203125 0.0140625
0 0.39375 0.7625 0.0125 0.025
0 0.47734375 0.9125 0.01171875 0.0203125