0 0.6171875 0.1125 0.009375 0.03203125
0 0.5625 0.07578125 0.01328125 0.0296875
0 0.34296875 0.0921875 0.01640625 0.015625
0 0.321875 0.12109375 0.0125 0.02265625
0 0.70390625 0.7375 0.01875 0.02421875
0 0.6640625 0.775 0.0171875 0.015625
0 0.64609375 0.765625 0.01328125 0.02109375
0 0.63515625 0.7859375 0.01484375 0.0234375
0 0.6125 0.7703125 0.01875 0.015625
0 0.609375 0.8 0.02109375 0.02265625
0 0.7046875 0.821875 0.0171875 0.02265625
0 0.690625 0.8265625 0.0125 0.025
0 0.75546875 0.84765625 0.01640625 0.021875
0 0.753125 0.80625 0.02109375 0.0171875
0 0.88359375 0.85703125 0.0109375 0.02421875
0 0.83828125 0.8265625 0.015625 0.02421875
0 0.85703125 0.78203125 0.0171875 0.02578125
0 0.8109375 0.778125 0.015625 0.0265625
0 0.85546875 0.93984375 0.01796875 0.021875
0 0.83203125 0.93515625 0.01953125 0.01875