0 0.0953125 0.2 0.03046875 0.06171875
0 0.39921875 0.278125 0.0203125 0.06328125
0 0.471875 0.34375 0.03359375 0.04921875
0 0.45234375 0.24453125 0.0328125 0.04375
0 0.4671875 0.18125 0.03984375 0.028125
0 0.534375 0.23125 0.0421875 0.03671875
0 0.5109375 0.334375 0.03671875 0.03515625
0 0.51953125 0.38828125 0.02421875 0.0546875
0 0.5359375 0.42109375 0.0265625 0.0546875
0 0.5828125 0.4109375 0.0421875 0.034375
0 0.58046875 0.36484375 0.04453125 0.0171875
0 0.5625 0.3078125 0.0359375 0.0578125
0 0.81953125 0.0578125 0.03359375 0.053125
0 0.65078125 0.5046875 0.03046875 0.053125
0 0.8390625 0.4171875 0.0375 0.03984375
0 0.8703125 0.51015625 0.03984375 0.03203125
0 0.803125 0.725 0.02890625 0.05078125
0 0.68125 0.3171875 0.02421875 0.06640625
0 0.96015625 0.384375 0.0546875 0.0296875