0 0.2203125 0.67421875 0.03984375 0.02734375
0 0.25390625 0.18046875 0.03515625 0.0296875
0 0.2578125 0.128125 0.021875 0.05703125
0 0.32890625 0.12890625 0.03203125 0.05546875
0 0.2890625 0.1296875 0.01640625 0.06015625
0 0.28203125 0.1984375 0.03984375 0.0328125
0 0.31640625 0.20234375 0.0328125 0.05
0 0.31875 0.25625 0.04140625 0.03828125
0 0.3875 0.27734375 0.034375 0.04296875
0 0.43359375 0.2515625 0.021875 0.04765625
0 0.3625 0.3390625 0.05 0.02421875
0 0.39296875 0.171875 0.02734375 0.0515625
0 0.18515625 0.040625 0.04140625 0.04375