0 0.33828125 0.8453125 0.0375 0.02578125
0 0.38359375 0.6234375 0.04453125 0.02421875
0 0.44140625 0.4890625 0.0265625 0.05234375
0 0.159375 0.6234375 0.03203125 0.0484375
0 0.05078125 0.54921875 0.02890625 0.0453125
0 0.08828125 0.53515625 0.046875 0.0296875
0 0.0328125 0.50859375 0.021875 0.05546875
0 0.0796875 0.4875 0.05234375 0.021875
0 0.175 0.44609375 0.02734375 0.059375
0 0.28515625 0.4234375 0.03828125 0.0453125
0 0.13203125 0.390625 0.04375 0.0265625
0 0.0578125 0.3578125 0.05078125 0.0171875
0 0.08203125 0.2421875 0.0390625 0.0328125
0 0.01875 0.3015625 0.03671875 0.0421875
0 0.31015625 0.18515625 0.034375 0.05625