0 0.0890625 0.42421875 0.0203125 0.02578125
0 0.1453125 0.46171875 0.015625 0.0234375
0 0.1234375 0.46796875 0.02421875 0.01796875
0 0.1546875 0.484375 0.02109375 0.02265625
0 0.19765625 0.48125 0.021875 0.01171875
0 0.1796875 0.50078125 0.02265625 0.02734375
0 0.09453125 0.515625 0.01484375 0.0265625
0 0.07578125 0.51015625 0.0171875 0.021875
0 0.03671875 0.48046875 0.02265625 0.015625
0 0.0265625 0.52421875 0.01953125 0.02421875
0 0.0140625 0.8578125 0.0265625 0.025
0 0.12109375 0.7921875 0.0265625 0.01796875
0 0.16953125 0.86015625 0.0296875 0.021875