0 0.53828125 0.55859375 0.00703125 0.025
0 0.50234375 0.60546875 0.015625 0.025
0 0.49921875 0.52109375 0.00859375 0.021875
0 0.484375 0.56015625 0.01171875 0.0203125
0 0.47421875 0.59296875 0.01796875 0.01328125
0 0.4578125 0.60703125 0.0125 0.02734375
0 0.35234375 0.646875 0.015625 0.02265625
0 0.3109375 0.60859375 0.0203125 0.01328125
0 0.28046875 0.59765625 0.0109375 0.02109375
0 0.29140625 0.61484375 0.0140625 0.02421875
0 0.25625 0.58359375 0.0125 0.02265625
0 0.42734375 0.56015625 0.01875 0.01796875
0 0.403125 0.53828125 0.015625 0.0171875
0 0.35234375 0.565625 0.01484375 0.02109375
0 0.33671875 0.559375 0.0109375 0.0234375
0 0.46328125 0.40390625 0.00546875 0.02734375
0 0.509375 0.28515625 0.00859375 0.028125
0 0.4546875 0.25078125 0.01640625 0.0203125
0 0.4515625 0.28046875 0.01484375 0.01875
0 0.45390625 0.29765625 0.0203125 0.0140625
0 0.39375 0.2375 0.0125 0.025
0 0.47734375 0.0875 0.01171875 0.0203125