0 0.9109375 0.5421875 0.02734375 0.0546875
0 0.2125 0.44453125 0.0515625 0.02734375
0 0.4265625 0.62265625 0.03828125 0.04296875
0 0.484375 0.92890625 0.025 0.04296875
0 0.62734375 0.7828125 0.03828125 0.034375
0 0.590625 0.840625 0.03125 0.0609375
0 0.57421875 0.9453125 0.025 0.06328125
0 0.6625 0.89921875 0.02890625 0.059375
0 0.6984375 0.890625 0.02734375 0.05625
0 0.7109375 0.940625 0.0296875 0.03125
0 0.68125 0.96796875 0.05078125 0.03203125
0 0.75625 0.7859375 0.0375 0.03828125
0 0.603125 0.6375 0.028125 0.0453125
0 0.64296875 0.42578125 0.0359375 0.0421875
0 0.74296875 0.49375 0.03046875 0.05