0 0.9 0.03515625 0.0140625 0.03203125
0 0.8171875 0.0140625 0.01640625 0.0203125
0 0.80546875 0.03515625 0.01171875 0.02265625
0 0.8484375 0.11328125 0.0265625 0.01640625
0 0.865625 0.1859375 0.02109375 0.01953125
0 0.840625 0.190625 0.02109375 0.01953125
0 0.8921875 0.26171875 0.01484375 0.02421875
0 0.8453125 0.29453125 0.01953125 0.02578125
0 0.865625 0.3421875 0.01875 0.02578125
0 0.81875 0.3453125 0.01875 0.02734375
0 0.76484375 0.27578125 0.0171875 0.02109375
0 0.76328125 0.31953125 0.0234375 0.0171875
0 0.7140625 0.3015625 0.01640625 0.021875
0 0.6984375 0.296875 0.0125 0.02734375
0 0.71328125 0.38515625 0.0171875 0.0234375
0 0.6734375 0.34765625 0.01953125 0.01796875
0 0.61796875 0.321875 0.0203125 0.02421875
0 0.64140625 0.3375 0.0125 0.02734375
0 0.653125 0.35546875 0.01328125 0.02734375
0 0.6375 0.36015625 0.015625 0.015625