0 0.47421875 0.48125 0.03671875 0.02578125
0 0.659375 0.94921875 0.03984375 0.03359375
0 0.609375 0.82890625 0.028125 0.05078125
0 0.646875 0.86953125 0.02578125 0.05234375
0 0.8828125 0.8515625 0.03046875 0.06328125
0 0.77265625 0.825 0.03671875 0.03984375
0 0.78828125 0.78671875 0.05625 0.02578125
0 0.7953125 0.7375 0.0359375 0.02734375
0 0.87421875 0.66015625 0.0375 0.04453125
0 0.75546875 0.72109375 0.0234375 0.05
0 0.7328125 0.75546875 0.028125 0.0515625
0 0.72265625 0.80390625 0.04296875 0.03203125
0 0.68671875 0.78828125 0.03203125 0.04765625
0 0.73046875 0.91015625 0.04453125 0.03671875