0 0.25546875 0.7671875 0.03828125 0.0453125
0 0.309375 0.24296875 0.03828125 0.028125
0 0.33203125 0.27265625 0.04609375 0.02734375
0 0.36640625 0.28203125 0.02578125 0.06015625
0 0.35859375 0.33359375 0.0421875 0.04609375
0 0.32109375 0.1953125 0.02265625 0.05703125
0 0.34921875 0.2015625 0.01953125 0.05703125
0 0.38828125 0.20859375 0.03046875 0.0484375
0 0.259375 0.0890625 0.034375 0.04765625
0 0.39765625 0.43515625 0.04921875 0.03515625
0 0.428125 0.37421875 0.03828125 0.034375
0 0.47890625 0.35859375 0.025 0.04765625
0 0.44765625 0.26953125 0.0328125 0.05390625
0 0.39375 0.06171875 0.04765625 0.03203125