0 0.54609375 0.603125 0.0171875 0.02578125
0 0.5171875 0.5515625 0.01640625 0.01796875
0 0.52265625 0.58359375 0.00859375 0.02734375
0 0.4953125 0.57109375 0.01875 0.01484375
0 0.5140625 0.56640625 0.015625 0.02578125
0 0.46484375 0.6171875 0.01171875 0.025
0 0.45 0.61015625 0.01796875 0.01953125
0 0.4578125 0.52734375 0.01640625 0.02421875
0 0.40078125 0.5875 0.01953125 0.01171875
0 0.34921875 0.5484375 0.0171875 0.0265625
0 0.396875 0.62734375 0.0171875 0.01796875
0 0.3171875 0.59453125 0.0140625 0.02265625
0 0.290625 0.67578125 0.0125 0.0265625
0 0.2546875 0.63046875 0.0125 0.0296875
0 0.28515625 0.69765625 0.021875 0.015625
0 0.31796875 0.76796875 0.01796875 0.02265625
0 0.2453125 0.83828125 0.009375 0.0296875
0 0.33671875 0.85546875 0.01171875 0.021875
0 0.325 0.8703125 0.01875 0.02265625
0 0.3796875 0.92578125 0.01171875 0.0296875
0 0.30234375 0.5453125 0.015625 0.02109375