0 0.96171875 0.525 0.015625 0.0421875
0 0.8953125 0.52109375 0.02421875 0.0265625
0 0.584375 0.65078125 0.02109375 0.03359375
0 0.50859375 0.57734375 0.0171875 0.0375
0 0.51484375 0.48828125 0.0203125 0.02890625
0 0.446875 0.5140625 0.02890625 0.02890625
0 0.2265625 0.80078125 0.015625 0.03359375
0 0.18671875 0.6015625 0.0234375 0.03203125
0 0.05625 0.60703125 0.01640625 0.03828125
0 0.39765625 0.24375 0.01875 0.03203125
0 0.37265625 0.26953125 0.03125 0.02734375
0 0.24296875 0.253125 0.0203125 0.02265625
0 0.1421875 0.2828125 0.02421875 0.0296875
0 0.0578125 0.309375 0.02265625 0.0328125