0 0.8765625 0.5875 0.0140625 0.0234375
0 0.83203125 0.58984375 0.0140625 0.02734375
0 0.85859375 0.54140625 0.015625 0.021875
0 0.90546875 0.5015625 0.01328125 0.02265625
0 0.878125 0.43515625 0.021875 0.01328125
0 0.8578125 0.44296875 0.02109375 0.015625
0 0.85859375 0.36484375 0.02421875 0.009375
0 0.91015625 0.2890625 0.009375 0.02890625
0 0.828125 0.265625 0.01640625 0.01796875
0 0.82109375 0.28671875 0.0140625 0.0203125
0 0.76875 0.2234375 0.01328125 0.025
0 0.85078125 0.071875 0.01328125 0.0234375
0 0.72734375 0.63125 0.01640625 0.0234375
0 0.6875 0.59375 0.01796875 0.01875
0 0.66953125 0.61796875 0.01953125 0.01171875
0 0.72734375 0.5484375 0.015625 0.02109375
0 0.7125 0.54453125 0.0125 0.0234375
0 0.63203125 0.57109375 0.01875 0.02265625
0 0.65625 0.5859375 0.01328125 0.028125
0 0.6671875 0.60234375 0.0125 0.02109375
0 0.7765625 0.5671875 0.01875 0.01484375
0 0.77734375 0.52265625 0.0171875 0.021875