0 0.9 0.96484375 0.0140625 0.03203125
0 0.8171875 0.9859375 0.01640625 0.0203125
0 0.80546875 0.96484375 0.01171875 0.02265625
0 0.8484375 0.88671875 0.0265625 0.01640625
0 0.865625 0.8140625 0.02109375 0.01953125
0 0.840625 0.809375 0.02109375 0.01953125
0 0.8921875 0.73828125 0.01484375 0.02421875
0 0.8453125 0.70546875 0.01953125 0.02578125
0 0.865625 0.6578125 0.01875 0.02578125
0 0.81875 0.6546875 0.01875 0.02734375
0 0.76484375 0.72421875 0.0171875 0.02109375
0 0.76328125 0.68046875 0.0234375 0.0171875
0 0.7140625 0.6984375 0.01640625 0.021875
0 0.6984375 0.703125 0.0125 0.02734375
0 0.71328125 0.61484375 0.0171875 0.0234375
0 0.6734375 0.65234375 0.01953125 0.01796875
0 0.61796875 0.678125 0.0203125 0.02421875
0 0.64140625 0.6625 0.0125 0.02734375
0 0.653125 0.64453125 0.01328125 0.02734375
0 0.6375 0.63984375 0.015625 0.015625