0 0.8859375 0.76796875 0.01328125 0.021875
0 0.8703125 0.8015625 0.01640625 0.0125
0 0.59609375 0.8265625 0.0078125 0.03125
0 0.66171875 0.85625 0.01640625 0.01953125
0 0.53203125 0.153125 0.0140625 0.0234375
0 0.509375 0.171875 0.0109375 0.025
0 0.50859375 0.2015625 0.01171875 0.01796875
0 0.50078125 0.1921875 0.0109375 0.03203125
0 0.48125 0.1859375 0.01953125 0.0171875
0 0.45078125 0.13984375 0.0109375 0.0234375
0 0.43671875 0.14765625 0.01796875 0.01953125
0 0.38359375 0.13125 0.015625 0.01953125
0 0.3875 0.16875 0.0171875 0.0171875
0 0.4453125 0.2296875 0.015625 0.02421875
0 0.3359375 0.21015625 0.01484375 0.02265625
0 0.2890625 0.2140625 0.015625 0.0203125
0 0.3046875 0.165625 0.01328125 0.02421875
0 0.246875 0.16328125 0.0078125 0.02890625
0 0.278125 0.10078125 0.0171875 0.028125
0 0.26953125 0.065625 0.0203125 0.02421875