0 0.9046875 0.8 0.03046875 0.06171875
0 0.60078125 0.721875 0.0203125 0.06328125
0 0.528125 0.65625 0.03359375 0.04921875
0 0.54765625 0.75546875 0.0328125 0.04375
0 0.5328125 0.81875 0.03984375 0.028125
0 0.465625 0.76875 0.0421875 0.03671875
0 0.4890625 0.665625 0.03671875 0.03515625
0 0.48046875 0.61171875 0.02421875 0.0546875
0 0.4640625 0.57890625 0.0265625 0.0546875
0 0.4171875 0.5890625 0.0421875 0.034375
0 0.41953125 0.63515625 0.04453125 0.0171875
0 0.4375 0.6921875 0.0359375 0.0578125
0 0.18046875 0.9421875 0.03359375 0.053125
0 0.34921875 0.4953125 0.03046875 0.053125
0 0.1609375 0.5828125 0.0375 0.03984375
0 0.1296875 0.48984375 0.03984375 0.03203125
0 0.196875 0.275 0.02890625 0.05078125
0 0.31875 0.6828125 0.02421875 0.06640625
0 0.03984375 0.615625 0.0546875 0.0296875