0 0.39296875 0.221875 0.009375 0.03125
0 0.44609375 0.19765625 0.015625 0.03125
0 0.66796875 0.215625 0.01796875 0.0234375
0 0.68828125 0.24296875 0.0171875 0.02265625
0 0.12421875 0.98046875 0.01328125 0.02734375
0 0.1515625 0.90390625 0.01328125 0.0234375
0 0.1703125 0.95 0.0171875 0.02421875
0 0.19765625 0.89921875 0.01328125 0.0296875
0 0.2515625 0.971875 0.015625 0.01953125
0 0.25546875 0.9296875 0.01953125 0.01875
0 0.30390625 0.94609375 0.015625 0.02109375
0 0.31796875 0.95 0.0125 0.02578125
0 0.30390625 0.8625 0.01796875 0.02734375
0 0.34375 0.9 0.01953125 0.01953125
0 0.39921875 0.92578125 0.02109375 0.02109375
0 0.37421875 0.909375 0.01484375 0.02734375
0 0.36328125 0.890625 0.0125 0.02421875
0 0.40390625 0.8984375 0.0203125 0.01953125