0 0.109375 0.31484375 0.01796875 0.01796875
0 0.07265625 0.26484375 0.01640625 0.01953125
0 0.521875 0.9515625 0.0078125 0.0265625
0 0.48125 0.98828125 0.009375 0.02265625
0 0.4859375 0.8984375 0.0140625 0.0234375
0 0.4671875 0.946875 0.01328125 0.02265625
0 0.4390625 0.89609375 0.01328125 0.028125
0 0.4265625 0.90234375 0.00703125 0.025
0 0.40546875 0.95234375 0.0203125 0.01953125
0 0.3828125 0.97265625 0.01796875 0.0203125
0 0.32890625 0.8609375 0.01953125 0.0234375
0 0.33046875 0.946875 0.01796875 0.02109375
0 0.31640625 0.953125 0.0125 0.03125
0 0.28671875 0.9 0.02421875 0.01640625
0 0.23125 0.928125 0.02109375 0.02421875
0 0.25703125 0.909375 0.01015625 0.0296875
0 0.26875 0.89296875 0.0140625 0.0265625