0 0.66171875 0.1546875 0.0375 0.02578125
0 0.61640625 0.3765625 0.04453125 0.02421875
0 0.55859375 0.5109375 0.0265625 0.05234375
0 0.840625 0.3765625 0.03203125 0.0484375
0 0.94921875 0.45078125 0.02890625 0.0453125
0 0.91171875 0.46484375 0.046875 0.0296875
0 0.9671875 0.49140625 0.021875 0.05546875
0 0.9203125 0.5125 0.05234375 0.021875
0 0.825 0.55390625 0.02734375 0.059375
0 0.71484375 0.5765625 0.03828125 0.0453125
0 0.86796875 0.609375 0.04375 0.0265625
0 0.9421875 0.6421875 0.05078125 0.0171875
0 0.91796875 0.7578125 0.0390625 0.0328125
0 0.98125 0.6984375 0.03671875 0.0421875
0 0.68984375 0.81484375 0.034375 0.05625