0 0.5390625 0.58828125 0.01640625 0.02578125
0 0.47734375 0.56875 0.0125 0.0171875
0 0.5 0.54609375 0.02109375 0.01484375
0 0.44765625 0.5140625 0.015625 0.025
0 0.53125 0.49921875 0.009375 0.025
0 0.54453125 0.50546875 0.01640625 0.02265625
0 0.47109375 0.5328125 0.0109375 0.0265625
0 0.48046875 0.55 0.0109375 0.025
0 0.59453125 0.528125 0.015625 0.01328125
0 0.6484375 0.56640625 0.01484375 0.02578125
0 0.59921875 0.48828125 0.01953125 0.0203125
0 0.6796875 0.51953125 0.01484375 0.0203125
0 0.73984375 0.475 0.0171875 0.015625
0 0.70546875 0.4296875 0.02109375 0.015625
0 0.71015625 0.415625 0.021875 0.0125
0 0.678125 0.3453125 0.0171875 0.0203125
0 0.75078125 0.27265625 0.0109375 0.0296875
0 0.659375 0.25625 0.009375 0.02109375
0 0.66953125 0.23828125 0.0140625 0.021875
0 0.69609375 0.5703125 0.0140625 0.02265625
0 0.70859375 0.04921875 0.01484375 0.02265625
0 0.6140625 0.18671875 0.01328125 0.0296875