0 0.109375 0.68515625 0.01796875 0.01796875
0 0.07265625 0.73515625 0.01640625 0.01953125
0 0.521875 0.0484375 0.0078125 0.0265625
0 0.48125 0.01171875 0.009375 0.02265625
0 0.4859375 0.1015625 0.0140625 0.0234375
0 0.4671875 0.053125 0.01328125 0.02265625
0 0.4390625 0.10390625 0.01328125 0.028125
0 0.4265625 0.09765625 0.00703125 0.025
0 0.40546875 0.04765625 0.0203125 0.01953125
0 0.3828125 0.02734375 0.01796875 0.0203125
0 0.32890625 0.1390625 0.01953125 0.0234375
0 0.33046875 0.053125 0.01796875 0.02109375
0 0.31640625 0.046875 0.0125 0.03125
0 0.28671875 0.1 0.02421875 0.01640625
0 0.23125 0.071875 0.02109375 0.02421875
0 0.25703125 0.090625 0.01015625 0.0296875
0 0.26875 0.10703125 0.0140625 0.0265625