0 0.65703125 0.0515625 0.0265625 0.06796875
0 0.52734375 0.34140625 0.0359375 0.0515625
0 0.68671875 0.62734375 0.0390625 0.03828125
0 0.6421875 0.7625 0.03125 0.04296875
0 0.52265625 0.58203125 0.04453125 0.0234375
0 0.41484375 0.80078125 0.03203125 0.0375
0 0.4140625 0.628125 0.01875 0.05703125
0 0.30234375 0.428125 0.028125 0.05
0 0.23515625 0.509375 0.03984375 0.0390625
0 0.35703125 0.58515625 0.0265625 0.0359375
0 0.284375 0.5609375 0.04921875 0.02109375
0 0.23671875 0.60546875 0.04140625 0.0375
0 0.334375 0.725 0.03515625 0.02578125
0 0.325 0.67578125 0.0375 0.0375
0 0.21640625 0.63515625 0.046875 0.0359375
0 0.29375 0.73984375 0.028125 0.04375
0 0.271875 0.7 0.03046875 0.04453125
0 0.22265625 0.67421875 0.02890625 0.04453125
0 0.609375 0.9875 0.034375 0.02265625