0 0.90625 0.83671875 0.0125 0.0328125
0 0.85234375 0.759375 0.02421875 0.01328125
0 0.7640625 0.903125 0.0203125 0.0203125
0 0.82421875 0.8578125 0.015625 0.0203125
0 0.8140625 0.8359375 0.015625 0.021875
0 0.87265625 0.68828125 0.01953125 0.01796875
0 0.84921875 0.6828125 0.02109375 0.01953125
0 0.85234375 0.58046875 0.0140625 0.0203125
0 0.87109375 0.53359375 0.0140625 0.02265625
0 0.82578125 0.5296875 0.015625 0.0296875
0 0.77109375 0.59921875 0.01796875 0.01953125
0 0.76875 0.5546875 0.01796875 0.0140625
0 0.72109375 0.5734375 0.0140625 0.0203125
0 0.70625 0.578125 0.01328125 0.02734375
0 0.71953125 0.490625 0.021875 0.02421875
0 0.68046875 0.52734375 0.0171875 0.01484375
0 0.625 0.5515625 0.02109375 0.01953125
0 0.64921875 0.5359375 0.0109375 0.02734375
0 0.66171875 0.51953125 0.01171875 0.0234375
0 0.66171875 0.50234375 0.01640625 0.01484375
0 0.90078125 0.61796875 0.0125 0.025