0 0.90625 0.16328125 0.0125 0.0328125
0 0.85234375 0.240625 0.02421875 0.01328125
0 0.7640625 0.096875 0.0203125 0.0203125
0 0.82421875 0.1421875 0.015625 0.0203125
0 0.8140625 0.1640625 0.015625 0.021875
0 0.87265625 0.31171875 0.01953125 0.01796875
0 0.84921875 0.3171875 0.02109375 0.01953125
0 0.85234375 0.41953125 0.0140625 0.0203125
0 0.87109375 0.46640625 0.0140625 0.02265625
0 0.82578125 0.4703125 0.015625 0.0296875
0 0.77109375 0.40078125 0.01796875 0.01953125
0 0.76875 0.4453125 0.01796875 0.0140625
0 0.72109375 0.4265625 0.0140625 0.0203125
0 0.70625 0.421875 0.01328125 0.02734375
0 0.71953125 0.509375 0.021875 0.02421875
0 0.68046875 0.47265625 0.0171875 0.01484375
0 0.625 0.4484375 0.02109375 0.01953125
0 0.64921875 0.4640625 0.0109375 0.02734375
0 0.66171875 0.48046875 0.01171875 0.0234375
0 0.66171875 0.49765625 0.01640625 0.01484375
0 0.90078125 0.38203125 0.0125 0.025