0 0.90703125 0.5375 0.02421875 0.06171875
0 0.609375 0.5328125 0.02109375 0.06015625
0 0.5609375 0.56953125 0.03125 0.040625
0 0.48203125 0.58125 0.04609375 0.03515625
0 0.54765625 0.63359375 0.034375 0.02421875
0 0.53671875 0.47109375 0.03203125 0.0484375
0 0.50078125 0.478125 0.03984375 0.034375
0 0.4453125 0.50625 0.03671875 0.04140625
0 0.428125 0.453125 0.0453125 0.0203125
0 0.4859375 0.4296875 0.02109375 0.05625
0 0.4671875 0.39453125 0.01796875 0.05234375
0 0.42734375 0.40546875 0.0390625 0.0234375
0 0.35234375 0.3125 0.03203125 0.05234375
0 0.32890625 0.5 0.0234375 0.05703125
0 0.16875 0.403125 0.0453125 0.03359375
0 0.1375 0.309375 0.04921875 0.0265625
0 0.18984375 0.76640625 0.03828125 0.0546875
0 0.19765625 0.10078125 0.02421875 0.05390625
0 0.046875 0.4390625 0.04921875 0.0265625