0 0.10625 0.7171875 0.0234375 0.0171875
0 0.03984375 0.21953125 0.01875 0.01953125
0 0.06015625 0.278125 0.01875 0.0171875
0 0.05625 0.2921875 0.025 0.0125
0 0.221875 0.215625 0.01796875 0.0203125
0 0.328125 0.3375 0.01953125 0.01484375
0 0.44375 0.23984375 0.01171875 0.03203125
0 0.36484375 0.26015625 0.0125 0.025
0 0.3796875 0.27265625 0.01875 0.01796875
0 0.50859375 0.20703125 0.009375 0.02421875
0 0.49921875 0.20234375 0.0109375 0.028125
0 0.5765625 0.23828125 0.015625 0.02109375
0 0.58828125 0.35234375 0.009375 0.02734375
0 0.55625 0.34765625 0.01640625 0.025
0 0.5703125 0.41875 0.01640625 0.025
0 0.56640625 0.43828125 0.02109375 0.01328125
0 0.63203125 0.425 0.01953125 0.0234375
0 0.6015625 0.47578125 0.01171875 0.03046875
0 0.61953125 0.50546875 0.01015625 0.02421875
0 0.5796875 0.54765625 0.01875 0.02109375
0 0.59296875 0.51640625 0.02265625 0.01484375
0 0.60546875 0.50234375 0.01953125 0.01953125
0 0.6125 0.2796875 0.0203125 0.02578125
0 0.6125 0.2171875 0.01875 0.0203125
0 0.0296875 0.14140625 0.02421875 0.015625
0 0.015625 0.18828125 0.02421875 0.0203125
0 0.38984375 0.15234375 0.02265625 0.015625
0 0.54453125 0.171875 0.02109375 0.01640625