0 0.74453125 0.7671875 0.03828125 0.0453125
0 0.690625 0.24296875 0.03828125 0.028125
0 0.66796875 0.27265625 0.04609375 0.02734375
0 0.63359375 0.28203125 0.02578125 0.06015625
0 0.64140625 0.33359375 0.0421875 0.04609375
0 0.67890625 0.1953125 0.02265625 0.05703125
0 0.65078125 0.2015625 0.01953125 0.05703125
0 0.61171875 0.20859375 0.03046875 0.0484375
0 0.740625 0.0890625 0.034375 0.04765625
0 0.60234375 0.43515625 0.04921875 0.03515625
0 0.571875 0.37421875 0.03828125 0.034375
0 0.52109375 0.35859375 0.025 0.04765625
0 0.55234375 0.26953125 0.0328125 0.05390625
0 0.60625 0.06171875 0.04765625 0.03203125