0 0.8796875 0.3578125 0.01328125 0.02109375
0 0.865625 0.325 0.01640625 0.01640625
0 0.65703125 0.2734375 0.0140625 0.01796875
0 0.58984375 0.30390625 0.01015625 0.02734375
0 0.525 0.9703125 0.01328125 0.02421875
0 0.43828125 0.89453125 0.015625 0.025
0 0.47421875 0.93828125 0.01875 0.01875
0 0.5015625 0.92421875 0.015625 0.0203125
0 0.50390625 0.94921875 0.01171875 0.025
0 0.49375 0.93203125 0.0109375 0.0328125
0 0.44375 0.9828125 0.01171875 0.0234375
0 0.43046875 0.975 0.01640625 0.01953125
0 0.38046875 0.9546875 0.02109375 0.01796875
0 0.33125 0.91484375 0.01796875 0.02421875
0 0.2828125 0.9109375 0.015625 0.02109375
0 0.29921875 0.959375 0.0203125 0.0265625
0 0.37734375 0.98984375 0.01484375 0.01953125
0 0.240625 0.95703125 0.01015625 0.03046875