0 0.61328125 0.80859375 0.03984375 0.034375
0 0.83359375 0.809375 0.03515625 0.05703125
0 0.55703125 0.67578125 0.03515625 0.0484375
0 0.721875 0.60859375 0.03984375 0.040625
0 0.82578125 0.634375 0.0296875 0.05625
0 0.87109375 0.584375 0.0421875 0.03046875
0 0.946875 0.55546875 0.0453125 0.021875
0 0.92890625 0.43671875 0.0390625 0.0390625
0 0.6984375 0.3703125 0.03828125 0.05703125
0 0.90859375 0.7234375 0.053125 0.03125
0 0.946875 0.74140625 0.02890625 0.05078125
0 0.96484375 0.70234375 0.0203125 0.0578125
0 0.91953125 0.6828125 0.0484375 0.0265625
0 0.984375 0.50078125 0.03125 0.053125
0 0.56484375 0.09609375 0.02890625 0.0640625