0 0.52578125 0.48125 0.03671875 0.02578125
0 0.340625 0.94921875 0.03984375 0.03359375
0 0.390625 0.82890625 0.028125 0.05078125
0 0.353125 0.86953125 0.02578125 0.05234375
0 0.1171875 0.8515625 0.03046875 0.06328125
0 0.22734375 0.825 0.03671875 0.03984375
0 0.21171875 0.78671875 0.05625 0.02578125
0 0.2046875 0.7375 0.0359375 0.02734375
0 0.12578125 0.66015625 0.0375 0.04453125
0 0.24453125 0.72109375 0.0234375 0.05
0 0.2671875 0.75546875 0.028125 0.0515625
0 0.27734375 0.80390625 0.04296875 0.03203125
0 0.31328125 0.78828125 0.03203125 0.04765625
0 0.26953125 0.91015625 0.04453125 0.03671875