0 0.8859375 0.23203125 0.01328125 0.021875
0 0.8703125 0.1984375 0.01640625 0.0125
0 0.59609375 0.1734375 0.0078125 0.03125
0 0.66171875 0.14375 0.01640625 0.01953125
0 0.53203125 0.846875 0.0140625 0.0234375
0 0.509375 0.828125 0.0109375 0.025
0 0.50859375 0.7984375 0.01171875 0.01796875
0 0.50078125 0.8078125 0.0109375 0.03203125
0 0.48125 0.8140625 0.01953125 0.0171875
0 0.45078125 0.86015625 0.0109375 0.0234375
0 0.43671875 0.85234375 0.01796875 0.01953125
0 0.38359375 0.86875 0.015625 0.01953125
0 0.3875 0.83125 0.0171875 0.0171875
0 0.4453125 0.7703125 0.015625 0.02421875
0 0.3359375 0.78984375 0.01484375 0.02265625
0 0.2890625 0.7859375 0.015625 0.0203125
0 0.3046875 0.834375 0.01328125 0.02421875
0 0.246875 0.83671875 0.0078125 0.02890625
0 0.278125 0.89921875 0.0171875 0.028125
0 0.26953125 0.934375 0.0203125 0.02421875