0 0.22890625 0.08828125 0.0171875 0.025
0 0.2734375 0.11796875 0.02109375 0.021875
0 0.50703125 0.19609375 0.01796875 0.015625
0 0.52109375 0.228125 0.0140625 0.02578125
0 0.18046875 0.83203125 0.02265625 0.01328125
0 0.1671875 0.85 0.02265625 0.025
0 0.13203125 0.81015625 0.015625 0.025
0 0.14296875 0.83046875 0.015625 0.02265625
0 0.1125 0.8171875 0.01875 0.01640625
0 0.07421875 0.7734375 0.02109375 0.0296875
0 0.0828125 0.8625 0.01484375 0.02890625
0 0.065625 0.8578125 0.01875 0.01796875
0 0.0234375 0.8296875 0.01875 0.021875
0 0.0125 0.87265625 0.02265625 0.0234375