0 0.45390625 0.603125 0.0171875 0.02578125
0 0.4828125 0.5515625 0.01640625 0.01796875
0 0.47734375 0.58359375 0.00859375 0.02734375
0 0.5046875 0.57109375 0.01875 0.01484375
0 0.4859375 0.56640625 0.015625 0.02578125
0 0.53515625 0.6171875 0.01171875 0.025
0 0.55 0.61015625 0.01796875 0.01953125
0 0.5421875 0.52734375 0.01640625 0.02421875
0 0.59921875 0.5875 0.01953125 0.01171875
0 0.65078125 0.5484375 0.0171875 0.0265625
0 0.603125 0.62734375 0.0171875 0.01796875
0 0.6828125 0.59453125 0.0140625 0.02265625
0 0.709375 0.67578125 0.0125 0.0265625
0 0.7453125 0.63046875 0.0125 0.0296875
0 0.71484375 0.69765625 0.021875 0.015625
0 0.68203125 0.76796875 0.01796875 0.02265625
0 0.7546875 0.83828125 0.009375 0.0296875
0 0.66328125 0.85546875 0.01171875 0.021875
0 0.675 0.8703125 0.01875 0.02265625
0 0.6203125 0.92578125 0.01171875 0.0296875
0 0.69765625 0.5453125 0.015625 0.02109375