0 0.7796875 0.67421875 0.03984375 0.02734375
0 0.74609375 0.18046875 0.03515625 0.0296875
0 0.7421875 0.128125 0.021875 0.05703125
0 0.67109375 0.12890625 0.03203125 0.05546875
0 0.7109375 0.1296875 0.01640625 0.06015625
0 0.71796875 0.1984375 0.03984375 0.0328125
0 0.68359375 0.20234375 0.0328125 0.05
0 0.68125 0.25625 0.04140625 0.03828125
0 0.6125 0.27734375 0.034375 0.04296875
0 0.56640625 0.2515625 0.021875 0.04765625
0 0.6375 0.3390625 0.05 0.02421875
0 0.60703125 0.171875 0.02734375 0.0515625
0 0.81484375 0.040625 0.04140625 0.04375