0 0.30625 0.51171875 0.1453125 0.1921875
0 0.64140625 0.6828125 0.1109375 0.13984375
0 0.190625 0.5359375 0.16171875 0.20390625
0 0.784375 0.57265625 0.10234375 0.18671875
0 0.4453125 0.68125 0.078125 0.13984375
0 0.459375 0.5546875 0.08671875 0.23828125
0 0.253125 0.6796875 0.065625 0.1328125
0 0.15234375 0.88125 0.053125 0.09765625
0 0.43125 0.75703125 0.04453125 0.08203125
0 0.3875 0.678125 0.05625 0.1515625
0 0.346875 0.62109375 0.08984375 0.1421875
0 0.31875 0.7015625 0.06484375 0.13671875
0 0.49609375 0.7640625 0.09296875 0.14453125
0 0.56484375 0.68671875 0.06875 0.1390625
0 0.5359375 0.54296875 0.09453125 0.25
0 0.65390625 0.55546875 0.1078125 0.2546875
0 0.73984375 0.53046875 0.140625 0.27421875