0 0.69375 0.48828125 0.1453125 0.1921875
0 0.35859375 0.3171875 0.1109375 0.13984375
0 0.809375 0.4640625 0.16171875 0.20390625
0 0.215625 0.42734375 0.10234375 0.18671875
0 0.5546875 0.31875 0.078125 0.13984375
0 0.540625 0.4453125 0.08671875 0.23828125
0 0.746875 0.3203125 0.065625 0.1328125
0 0.84765625 0.11875 0.053125 0.09765625
0 0.56875 0.24296875 0.04453125 0.08203125
0 0.6125 0.321875 0.05625 0.1515625
0 0.653125 0.37890625 0.08984375 0.1421875
0 0.68125 0.2984375 0.06484375 0.13671875
0 0.50390625 0.2359375 0.09296875 0.14453125
0 0.43515625 0.31328125 0.06875 0.1390625
0 0.4640625 0.45703125 0.09453125 0.25
0 0.34609375 0.44453125 0.1078125 0.2546875
0 0.26015625 0.46953125 0.140625 0.27421875