0 0.30625 0.48828125 0.1453125 0.1921875
0 0.64140625 0.3171875 0.1109375 0.13984375
0 0.190625 0.4640625 0.16171875 0.20390625
0 0.784375 0.42734375 0.10234375 0.18671875
0 0.4453125 0.31875 0.078125 0.13984375
0 0.459375 0.4453125 0.08671875 0.23828125
0 0.253125 0.3203125 0.065625 0.1328125
0 0.15234375 0.11875 0.053125 0.09765625
0 0.43125 0.24296875 0.04453125 0.08203125
0 0.3875 0.321875 0.05625 0.1515625
0 0.346875 0.37890625 0.08984375 0.1421875
0 0.31875 0.2984375 0.06484375 0.13671875
0 0.49609375 0.2359375 0.09296875 0.14453125
0 0.56484375 0.31328125 0.06875 0.1390625
0 0.5359375 0.45703125 0.09453125 0.25
0 0.65390625 0.44453125 0.1078125 0.2546875
0 0.73984375 0.46953125 0.140625 0.27421875