0 0.46015625 0.28046875 0.27578125 0.2546875
0 0.9265625 0.1984375 0.146875 0.225
0 0.72109375 0.353125 0.215625 0.28828125
0 0.78203125 0.0859375 0.1796875 0.171875
0 0.9328125 0.45234375 0.134375 0.3234375
0 0.78515625 0.88984375 0.415625 0.2171875
0 0.26015625 0.19296875 0.20625 0.190625
0 0.08828125 0.3953125 0.1765625 0.3703125
0 0.6359375 0.0640625 0.11796875 0.128125
0 0.2609375 0.07421875 0.15234375 0.140625
0 0.8171875 0.415625 0.1671875 0.21796875
0 0.83203125 0.63984375 0.334375 0.34140625
0 0.14296875 0.86796875 0.28203125 0.2640625