0 0.53984375 0.28046875 0.27578125 0.2546875
0 0.0734375 0.1984375 0.146875 0.225
0 0.27890625 0.353125 0.215625 0.28828125
0 0.21796875 0.0859375 0.1796875 0.171875
0 0.0671875 0.45234375 0.134375 0.3234375
0 0.21484375 0.88984375 0.415625 0.2171875
0 0.73984375 0.19296875 0.20625 0.190625
0 0.91171875 0.3953125 0.1765625 0.3703125
0 0.3640625 0.0640625 0.11796875 0.128125
0 0.7390625 0.07421875 0.15234375 0.140625
0 0.1828125 0.415625 0.1671875 0.21796875
0 0.16796875 0.63984375 0.334375 0.34140625
0 0.85703125 0.86796875 0.28203125 0.2640625