0 0.53984375 0.71953125 0.27578125 0.2546875
0 0.0734375 0.8015625 0.146875 0.225
0 0.27890625 0.646875 0.215625 0.28828125
0 0.21796875 0.9140625 0.1796875 0.171875
0 0.0671875 0.54765625 0.134375 0.3234375
0 0.21484375 0.11015625 0.415625 0.2171875
0 0.73984375 0.80703125 0.20625 0.190625
0 0.91171875 0.6046875 0.1765625 0.3703125
0 0.3640625 0.9359375 0.11796875 0.128125
0 0.7390625 0.92578125 0.15234375 0.140625
0 0.1828125 0.584375 0.1671875 0.21796875
0 0.16796875 0.36015625 0.334375 0.34140625
0 0.85703125 0.13203125 0.28203125 0.2640625