0 0.25546875 0.31484375 0.02265625 0.03515625
0 0.7796875 0.41953125 0.05078125 0.05234375
0 0.196875 0.57109375 0.075 0.08359375
0 0.70703125 0.55234375 0.09375 0.08515625
0 0.62265625 0.45078125 0.05 0.06640625
0 0.62890625 0.24140625 0.025 0.02421875
0 0.20078125 0.4125 0.03671875 0.04609375
0 0.234375 0.434375 0.040625 0.0328125
0 0.89609375 0.3921875 0.040625 0.0484375
0 0.74765625 0.29296875 0.0203125 0.03671875
0 0.56796875 0.38359375 0.03984375 0.03828125
0 0.71953125 0.3046875 0.021875 0.02421875
0 0.18203125 0.31015625 0.028125 0.03203125
0 0.69296875 0.3640625 0.03359375 0.04375
0 0.5171875 0.3671875 0.0359375 0.04296875
0 0.81171875 0.315625 0.021875 0.034375
0 0.6078125 0.3 0.03671875 0.0359375
0 0.346875 0.3515625 0.02421875 0.04609375
0 0.51015625 0.2890625 0.034375 0.03203125
0 0.103125 0.43828125 0.0453125 0.03828125
0 0.140625 0.4296875 0.025 0.03515625
0 0.6828125 0.25625 0.0171875 0.02421875
0 0.8328125 0.4609375 0.04453125 0.09921875
0 0.28359375 0.428125 0.0484375 0.053125