0 0.74453125 0.68515625 0.02265625 0.03515625
0 0.2203125 0.58046875 0.05078125 0.05234375
0 0.803125 0.42890625 0.075 0.08359375
0 0.29296875 0.44765625 0.09375 0.08515625
0 0.37734375 0.54921875 0.05 0.06640625
0 0.37109375 0.75859375 0.025 0.02421875
0 0.79921875 0.5875 0.03671875 0.04609375
0 0.765625 0.565625 0.040625 0.0328125
0 0.10390625 0.6078125 0.040625 0.0484375
0 0.25234375 0.70703125 0.0203125 0.03671875
0 0.43203125 0.61640625 0.03984375 0.03828125
0 0.28046875 0.6953125 0.021875 0.02421875
0 0.81796875 0.68984375 0.028125 0.03203125
0 0.30703125 0.6359375 0.03359375 0.04375
0 0.4828125 0.6328125 0.0359375 0.04296875
0 0.18828125 0.684375 0.021875 0.034375
0 0.3921875 0.7 0.03671875 0.0359375
0 0.653125 0.6484375 0.02421875 0.04609375
0 0.48984375 0.7109375 0.034375 0.03203125
0 0.896875 0.56171875 0.0453125 0.03828125
0 0.859375 0.5703125 0.025 0.03515625
0 0.3171875 0.74375 0.0171875 0.02421875
0 0.1671875 0.5390625 0.04453125 0.09921875
0 0.71640625 0.571875 0.0484375 0.053125