0 0.92265625 0.56484375 0.08203125 0.065625
0 0.33515625 0.47265625 0.059375 0.06484375
0 0.228125 0.46484375 0.05625 0.06015625
0 0.1328125 0.17734375 0.0484375 0.06015625
0 0.8828125 0.440625 0.078125 0.06015625
0 0.74609375 0.4421875 0.0703125 0.06015625
0 0.75234375 0.58203125 0.06953125 0.09375
0 0.85078125 0.771875 0.075 0.08046875
0 0.58828125 0.83203125 0.07265625 0.08671875
0 0.646875 0.91484375 0.075 0.0703125
0 0.33828125 0.86796875 0.05625 0.0734375
0 0.39921875 0.8828125 0.07890625 0.05859375
0 0.24609375 0.7140625 0.0328125 0.08515625
0 0.1234375 0.30625 0.065625 0.08515625
0 0.2859375 0.23515625 0.06484375 0.075
0 0.38359375 0.2625 0.0640625 0.08203125
0 0.47265625 0.3984375 0.0546875 0.0734375
0 0.55234375 0.30234375 0.08671875 0.06015625
0 0.36796875 0.6578125 0.078125 0.07734375
0 0.48125 0.74609375 0.03984375 0.13515625
0 0.4046875 0.58671875 0.07265625 0.06484375
0 0.29609375 0.32109375 0.04921875 0.08515625
0 0.3296875 0.39609375 0.07265625 0.06015625