0 0.92265625 0.43515625 0.08203125 0.065625
0 0.33515625 0.52734375 0.059375 0.06484375
0 0.228125 0.53515625 0.05625 0.06015625
0 0.1328125 0.82265625 0.0484375 0.06015625
0 0.8828125 0.559375 0.078125 0.06015625
0 0.74609375 0.5578125 0.0703125 0.06015625
0 0.75234375 0.41796875 0.06953125 0.09375
0 0.85078125 0.228125 0.075 0.08046875
0 0.58828125 0.16796875 0.07265625 0.08671875
0 0.646875 0.08515625 0.075 0.0703125
0 0.33828125 0.13203125 0.05625 0.0734375
0 0.39921875 0.1171875 0.07890625 0.05859375
0 0.24609375 0.2859375 0.0328125 0.08515625
0 0.1234375 0.69375 0.065625 0.08515625
0 0.2859375 0.76484375 0.06484375 0.075
0 0.38359375 0.7375 0.0640625 0.08203125
0 0.47265625 0.6015625 0.0546875 0.0734375
0 0.55234375 0.69765625 0.08671875 0.06015625
0 0.36796875 0.3421875 0.078125 0.07734375
0 0.48125 0.25390625 0.03984375 0.13515625
0 0.4046875 0.41328125 0.07265625 0.06484375
0 0.29609375 0.67890625 0.04921875 0.08515625
0 0.3296875 0.60390625 0.07265625 0.06015625