0 0.41796875 0.4171875 0.14453125 0.14609375
0 0.52734375 0.6984375 0.06953125 0.06875
0 0.71328125 0.6671875 0.046875 0.071875
0 0.62734375 0.63671875 0.1046875 0.0921875
0 0.86953125 0.7671875 0.06953125 0.071875
0 0.24453125 0.74609375 0.02265625 0.0421875
0 0.0828125 0.53828125 0.12890625 0.07890625
0 0.19140625 0.75703125 0.02265625 0.03828125
0 0.33671875 0.63828125 0.0578125 0.05234375
0 0.4578125 0.7265625 0.04609375 0.05859375
0 0.9828125 0.7578125 0.03359375 0.0640625
0 0.4890625 0.48828125 0.13828125 0.16640625
0 0.50078125 0.5703125 0.07421875 0.07109375
0 0.53828125 0.7515625 0.0328125 0.0421875
0 0.8234375 0.80234375 0.053125 0.05078125