0 0.58203125 0.5828125 0.14453125 0.14609375
0 0.47265625 0.3015625 0.06953125 0.06875
0 0.28671875 0.3328125 0.046875 0.071875
0 0.37265625 0.36328125 0.1046875 0.0921875
0 0.13046875 0.2328125 0.06953125 0.071875
0 0.75546875 0.25390625 0.02265625 0.0421875
0 0.9171875 0.46171875 0.12890625 0.07890625
0 0.80859375 0.24296875 0.02265625 0.03828125
0 0.66328125 0.36171875 0.0578125 0.05234375
0 0.5421875 0.2734375 0.04609375 0.05859375
0 0.0171875 0.2421875 0.03359375 0.0640625
0 0.5109375 0.51171875 0.13828125 0.16640625
0 0.49921875 0.4296875 0.07421875 0.07109375
0 0.46171875 0.2484375 0.0328125 0.0421875
0 0.1765625 0.19765625 0.053125 0.05078125