0 0.93828125 0.10390625 0.05234375 0.078125
0 0.23203125 0.3984375 0.040625 0.07734375
0 0.346875 0.4359375 0.028125 0.05625
0 0.24609375 0.51640625 0.0359375 0.046875
0 0.50546875 0.36171875 0.0359375 0.06875
0 0.50703125 0.41171875 0.0375 0.06171875
0 0.54453125 0.45234375 0.0265625 0.05078125
0 0.7515625 0.26171875 0.0484375 0.059375
0 0.77890625 0.33359375 0.04921875 0.06796875
0 0.8859375 0.27890625 0.0515625 0.07734375
0 0.87421875 0.32578125 0.04921875 0.04921875
0 0.67578125 0.34453125 0.040625 0.06640625
0 0.71953125 0.3359375 0.0375 0.05390625
0 0.7109375 0.309375 0.0375 0.04375
0 0.6203125 0.359375 0.03828125 0.05390625
0 0.6171875 0.4 0.03984375 0.04921875
0 0.57890625 0.42265625 0.0328125 0.03984375
0 0.58125 0.3828125 0.0296875 0.04765625
0 0.02109375 0.57578125 0.0234375 0.04296875
0 0.33984375 0.6046875 0.0203125 0.03671875
0 0.2421875 0.578125 0.015625 0.034375
0 0.459375 0.478125 0.03125 0.04765625
0 0.38359375 0.49140625 0.02421875 0.05546875
0 0.11328125 0.58984375 0.02578125 0.03828125