0 0.06171875 0.89609375 0.05234375 0.078125
0 0.76796875 0.6015625 0.040625 0.07734375
0 0.653125 0.5640625 0.028125 0.05625
0 0.75390625 0.48359375 0.0359375 0.046875
0 0.49453125 0.63828125 0.0359375 0.06875
0 0.49296875 0.58828125 0.0375 0.06171875
0 0.45546875 0.54765625 0.0265625 0.05078125
0 0.2484375 0.73828125 0.0484375 0.059375
0 0.22109375 0.66640625 0.04921875 0.06796875
0 0.1140625 0.72109375 0.0515625 0.07734375
0 0.12578125 0.67421875 0.04921875 0.04921875
0 0.32421875 0.65546875 0.040625 0.06640625
0 0.28046875 0.6640625 0.0375 0.05390625
0 0.2890625 0.690625 0.0375 0.04375
0 0.3796875 0.640625 0.03828125 0.05390625
0 0.3828125 0.6 0.03984375 0.04921875
0 0.42109375 0.57734375 0.0328125 0.03984375
0 0.41875 0.6171875 0.0296875 0.04765625
0 0.97890625 0.42421875 0.0234375 0.04296875
0 0.66015625 0.3953125 0.0203125 0.03671875
0 0.7578125 0.421875 0.015625 0.034375
0 0.540625 0.521875 0.03125 0.04765625
0 0.61640625 0.50859375 0.02421875 0.05546875
0 0.88671875 0.41015625 0.02578125 0.03828125