0 0.13125 0.46640625 0.1015625 0.0703125
0 0.38359375 0.4703125 0.075 0.0515625
0 0.67890625 0.4703125 0.07421875 0.05
0 0.78046875 0.4453125 0.08203125 0.06171875
0 0.50546875 0.4609375 0.08203125 0.05859375
0 0.59140625 0.45625 0.07578125 0.0578125
0 0.58046875 0.51015625 0.071875 0.0421875
0 0.55078125 0.478125 0.05234375 0.04375
0 0.41484375 0.59765625 0.06796875 0.0515625
0 0.0796875 0.60390625 0.08359375 0.053125
0 0.25703125 0.56640625 0.08125 0.04921875
0 0.275 0.59765625 0.065625 0.0421875