0 0.86875 0.53359375 0.1015625 0.0703125
0 0.61640625 0.5296875 0.075 0.0515625
0 0.32109375 0.5296875 0.07421875 0.05
0 0.21953125 0.5546875 0.08203125 0.06171875
0 0.49453125 0.5390625 0.08203125 0.05859375
0 0.40859375 0.54375 0.07578125 0.0578125
0 0.41953125 0.48984375 0.071875 0.0421875
0 0.44921875 0.521875 0.05234375 0.04375
0 0.58515625 0.40234375 0.06796875 0.0515625
0 0.9203125 0.39609375 0.08359375 0.053125
0 0.74296875 0.43359375 0.08125 0.04921875
0 0.725 0.40234375 0.065625 0.0421875