0 0.66328125 0.3421875 0.09375 0.1609375
0 0.1234375 0.21015625 0.053125 0.21796875
0 0.88046875 0.63125 0.090625 0.08203125
0 0.26953125 0.7765625 0.04765625 0.03828125
0 0.40234375 0.44140625 0.065625 0.13515625
0 0.36171875 0.740625 0.04375 0.05703125
0 0.11015625 0.740625 0.0453125 0.05546875
0 0.3921875 0.7875 0.03203125 0.03671875
0 0.4734375 0.859375 0.02890625 0.03125
0 0.3109375 0.6109375 0.0328125 0.09296875
0 0.3359375 0.78984375 0.03125 0.0359375
0 0.5359375 0.39765625 0.0921875 0.140625
0 0.10390625 0.78359375 0.021875 0.0328125
0 0.065625 0.78046875 0.02890625 0.0484375
0 0.21640625 0.70234375 0.021875 0.0625
0 0.45390625 0.7046875 0.03359375 0.05546875
0 0.65 0.6609375 0.02890625 0.07578125
0 0.5765625 0.73671875 0.040625 0.05078125
0 0.55078125 0.803125 0.02265625 0.03828125
0 0.5703125 0.628125 0.0671875 0.06953125
0 0.21640625 0.78984375 0.0328125 0.0359375
0 0.28828125 0.83671875 0.01796875 0.0328125
0 0.4484375 0.7859375 0.028125 0.02734375
0 0.17265625 0.809375 0.04375 0.03515625
0 0.62109375 0.8 0.02109375 0.0421875
0 0.5890625 0.8375 0.03828125 0.046875
0 0.51328125 0.85390625 0.01796875 0.03828125
0 0.21328125 0.83046875 0.02109375 0.02734375
0 0.525 0.7375 0.0390625 0.0484375
0 0.17578125 0.46796875 0.08125 0.08125
0 0.103125 0.8171875 0.028125 0.04375
0 0.19296875 0.77578125 0.03671875 0.03984375
0 0.17109375 0.7515625 0.0578125 0.05234375
0 0.6515625 0.859375 0.028125 0.0484375
0 0.75234375 0.70859375 0.034375 0.0765625