0 0.25234375 0.653125 0.0609375 0.0515625
0 0.56484375 0.71875 0.0546875 0.04296875
0 0.409375 0.6609375 0.06171875 0.0484375
0 0.18515625 0.6515625 0.05859375 0.05078125
0 0.34921875 0.6609375 0.04921875 0.0453125
0 0.10234375 0.64765625 0.05625 0.04765625
0 0.44453125 0.70859375 0.046875 0.040625
0 0.3671875 0.7109375 0.05 0.04375
0 0.040625 0.6484375 0.053125 0.046875
0 0.23203125 0.671875 0.0578125 0.03828125
0 0.3359375 0.73046875 0.04765625 0.0453125
0 0.421875 0.72578125 0.0359375 0.0328125