0 0.66328125 0.6578125 0.09375 0.1609375
0 0.1234375 0.78984375 0.053125 0.21796875
0 0.88046875 0.36875 0.090625 0.08203125
0 0.26953125 0.2234375 0.04765625 0.03828125
0 0.40234375 0.55859375 0.065625 0.13515625
0 0.36171875 0.259375 0.04375 0.05703125
0 0.11015625 0.259375 0.0453125 0.05546875
0 0.3921875 0.2125 0.03203125 0.03671875
0 0.4734375 0.140625 0.02890625 0.03125
0 0.3109375 0.3890625 0.0328125 0.09296875
0 0.3359375 0.21015625 0.03125 0.0359375
0 0.5359375 0.60234375 0.0921875 0.140625
0 0.10390625 0.21640625 0.021875 0.0328125
0 0.065625 0.21953125 0.02890625 0.0484375
0 0.21640625 0.29765625 0.021875 0.0625
0 0.45390625 0.2953125 0.03359375 0.05546875
0 0.65 0.3390625 0.02890625 0.07578125
0 0.5765625 0.26328125 0.040625 0.05078125
0 0.55078125 0.196875 0.02265625 0.03828125
0 0.5703125 0.371875 0.0671875 0.06953125
0 0.21640625 0.21015625 0.0328125 0.0359375
0 0.28828125 0.16328125 0.01796875 0.0328125
0 0.4484375 0.2140625 0.028125 0.02734375
0 0.17265625 0.190625 0.04375 0.03515625
0 0.62109375 0.2 0.02109375 0.0421875
0 0.5890625 0.1625 0.03828125 0.046875
0 0.51328125 0.14609375 0.01796875 0.03828125
0 0.21328125 0.16953125 0.02109375 0.02734375
0 0.525 0.2625 0.0390625 0.0484375
0 0.17578125 0.53203125 0.08125 0.08125
0 0.103125 0.1828125 0.028125 0.04375
0 0.19296875 0.22421875 0.03671875 0.03984375
0 0.17109375 0.2484375 0.0578125 0.05234375
0 0.6515625 0.140625 0.028125 0.0484375
0 0.75234375 0.29140625 0.034375 0.0765625