0 0.74765625 0.346875 0.0609375 0.0515625
0 0.43515625 0.28125 0.0546875 0.04296875
0 0.590625 0.3390625 0.06171875 0.0484375
0 0.81484375 0.3484375 0.05859375 0.05078125
0 0.65078125 0.3390625 0.04921875 0.0453125
0 0.89765625 0.35234375 0.05625 0.04765625
0 0.55546875 0.29140625 0.046875 0.040625
0 0.6328125 0.2890625 0.05 0.04375
0 0.959375 0.3515625 0.053125 0.046875
0 0.76796875 0.328125 0.0578125 0.03828125
0 0.6640625 0.26953125 0.04765625 0.0453125
0 0.578125 0.27421875 0.0359375 0.0328125