0 0.27109375 0.45546875 0.025 0.0390625
0 0.3625 0.6078125 0.02890625 0.03203125
0 0.37890625 0.65234375 0.03359375 0.0359375
0 0.4046875 0.603125 0.02578125 0.0375
0 0.440625 0.584375 0.0296875 0.04296875
0 0.44140625 0.6359375 0.0296875 0.03046875
0 0.4671875 0.690625 0.03125 0.0453125
0 0.58203125 0.52890625 0.03125 0.04375
0 0.52734375 0.49296875 0.0328125 0.0390625
0 0.47890625 0.4953125 0.03671875 0.0296875
0 0.48984375 0.41640625 0.01953125 0.01875
0 0.49921875 0.35 0.0234375 0.0328125
0 0.58359375 0.3328125 0.03203125 0.04765625
0 0.60859375 0.3921875 0.0359375 0.03984375
0 0.634375 0.4453125 0.02265625 0.03046875
0 0.715625 0.496875 0.028125 0.03828125
0 0.66328125 0.5078125 0.02421875 0.0234375
0 0.64765625 0.521875 0.0234375 0.034375
0 0.6203125 0.64296875 0.0234375 0.04296875
0 0.646875 0.6484375 0.02578125 0.03203125
0 0.66015625 0.63125 0.02421875 0.03828125
0 0.74765625 0.4140625 0.034375 0.02578125
0 0.54921875 0.40546875 0.02734375 0.0375
0 0.484375 0.46875 0.03125 0.01953125