0 0.68984375 0.84375 0.05 0.0546875
0 0.88359375 0.24140625 0.0484375 0.0515625
0 0.84296875 0.76640625 0.0453125 0.046875
0 0.740625 0.7078125 0.053125 0.0484375
0 0.80078125 0.28046875 0.05546875 0.05703125
0 0.25546875 0.575 0.021875 0.08203125
0 0.16953125 0.64453125 0.0375 0.06953125
0 0.67265625 0.41484375 0.03203125 0.084375
0 0.49765625 0.23125 0.03046875 0.09609375
0 0.18828125 0.1875 0.040625 0.09140625
0 0.16953125 0.3890625 0.0453125 0.1
0 0.396875 0.44921875 0.04921875 0.0875
0 0.4328125 0.4921875 0.04140625 0.0875
0 0.39375 0.64140625 0.0453125 0.06640625
0 0.63203125 0.67734375 0.05546875 0.07890625
0 0.628125 0.803125 0.06796875 0.0765625
0 0.86875 0.65703125 0.05 0.05859375
0 0.80859375 0.37890625 0.04921875 0.078125
0 0.8484375 0.33828125 0.04921875 0.090625
0 0.815625 0.203125 0.046875 0.0859375
0 0.91640625 0.0609375 0.06796875 0.0859375
0 0.328125 0.6265625 0.0484375 0.0859375
0 0.11796875 0.91953125 0.05546875 0.103125
0 0.153125 0.728125 0.05859375 0.090625