0 0.68984375 0.15625 0.05 0.0546875
0 0.88359375 0.75859375 0.0484375 0.0515625
0 0.84296875 0.23359375 0.0453125 0.046875
0 0.740625 0.2921875 0.053125 0.0484375
0 0.80078125 0.71953125 0.05546875 0.05703125
0 0.25546875 0.425 0.021875 0.08203125
0 0.16953125 0.35546875 0.0375 0.06953125
0 0.67265625 0.58515625 0.03203125 0.084375
0 0.49765625 0.76875 0.03046875 0.09609375
0 0.18828125 0.8125 0.040625 0.09140625
0 0.16953125 0.6109375 0.0453125 0.1
0 0.396875 0.55078125 0.04921875 0.0875
0 0.4328125 0.5078125 0.04140625 0.0875
0 0.39375 0.35859375 0.0453125 0.06640625
0 0.63203125 0.32265625 0.05546875 0.07890625
0 0.628125 0.196875 0.06796875 0.0765625
0 0.86875 0.34296875 0.05 0.05859375
0 0.80859375 0.62109375 0.04921875 0.078125
0 0.8484375 0.66171875 0.04921875 0.090625
0 0.815625 0.796875 0.046875 0.0859375
0 0.91640625 0.9390625 0.06796875 0.0859375
0 0.328125 0.3734375 0.0484375 0.0859375
0 0.11796875 0.08046875 0.05546875 0.103125
0 0.153125 0.271875 0.05859375 0.090625