0 0.246875 0.38359375 0.20234375 0.18046875
0 0.1796875 0.2375 0.1328125 0.128125
0 0.87578125 0.34609375 0.15703125 0.21484375
0 0.31015625 0.16171875 0.084375 0.10078125
0 0.05078125 0.11796875 0.09453125 0.0890625
0 0.03125 0.35234375 0.06171875 0.1640625
0 0.8765625 0.575 0.246875 0.29296875
0 0.42578125 0.62109375 0.16640625 0.26875
0 0.57421875 0.56484375 0.10703125 0.26953125
0 0.26953125 0.1421875 0.0609375 0.0703125
0 0.45 0.09609375 0.05234375 0.05390625
0 0.90546875 0.02890625 0.05625 0.0578125
0 0.79765625 0.03125 0.0640625 0.03671875
0 0.78046875 0.02265625 0.05078125 0.03359375