0 0.72890625 0.45546875 0.025 0.0390625
0 0.6375 0.6078125 0.02890625 0.03203125
0 0.62109375 0.65234375 0.03359375 0.0359375
0 0.5953125 0.603125 0.02578125 0.0375
0 0.559375 0.584375 0.0296875 0.04296875
0 0.55859375 0.6359375 0.0296875 0.03046875
0 0.5328125 0.690625 0.03125 0.0453125
0 0.41796875 0.52890625 0.03125 0.04375
0 0.47265625 0.49296875 0.0328125 0.0390625
0 0.52109375 0.4953125 0.03671875 0.0296875
0 0.51015625 0.41640625 0.01953125 0.01875
0 0.50078125 0.35 0.0234375 0.0328125
0 0.41640625 0.3328125 0.03203125 0.04765625
0 0.39140625 0.3921875 0.0359375 0.03984375
0 0.365625 0.4453125 0.02265625 0.03046875
0 0.284375 0.496875 0.028125 0.03828125
0 0.33671875 0.5078125 0.02421875 0.0234375
0 0.35234375 0.521875 0.0234375 0.034375
0 0.3796875 0.64296875 0.0234375 0.04296875
0 0.353125 0.6484375 0.02578125 0.03203125
0 0.33984375 0.63125 0.02421875 0.03828125
0 0.25234375 0.4140625 0.034375 0.02578125
0 0.45078125 0.40546875 0.02734375 0.0375
0 0.515625 0.46875 0.03125 0.01953125