0 0.76171875 0.2390625 0.08203125 0.08828125
0 0.48515625 0.79375 0.06171875 0.06796875
0 0.1921875 0.6125 0.0703125 0.065625
0 0.646875 0.46953125 0.05703125 0.0796875
0 0.1859375 0.21171875 0.05625 0.0796875
0 0.39765625 0.65234375 0.06796875 0.046875
0 0.46484375 0.13125 0.03828125 0.08984375
0 0.8140625 0.46328125 0.03828125 0.07578125
0 0.0859375 0.3625 0.03125 0.08359375
0 0.4390625 0.6078125 0.05859375 0.0515625
0 0.30078125 0.56328125 0.07578125 0.05703125
0 0.60546875 0.79765625 0.065625 0.06328125
0 0.96875 0.55078125 0.03203125 0.08203125
0 0.29140625 0.8734375 0.04140625 0.06328125
0 0.7546875 0.5484375 0.04296875 0.05859375
0 0.3875 0.75859375 0.07890625 0.0546875
0 0.59765625 0.74140625 0.04453125 0.06875
0 0.8296875 0.64609375 0.05078125 0.06484375
0 0.55234375 0.7046875 0.04609375 0.06015625
0 0.8984375 0.81953125 0.06796875 0.06484375
0 0.09453125 0.54296875 0.06640625 0.06328125
0 0.20390625 0.52734375 0.0765625 0.05625
0 0.4703125 0.725 0.06796875 0.0375
0 0.67265625 0.36796875 0.05625 0.0671875
0 0.0265625 0.6578125 0.053125 0.0703125
0 0.9546875 0.44765625 0.0734375 0.05
0 0.21171875 0.68203125 0.059375 0.05703125
0 0.425 0.821875 0.0203125 0.04765625
0 0.71875 0.55859375 0.04453125 0.0578125
0 0.70546875 0.61328125 0.05703125 0.06328125
0 0.12890625 0.6171875 0.04296875 0.0625
0 0.2546875 0.74140625 0.078125 0.06953125