0 0.23828125 0.7609375 0.08203125 0.08828125
0 0.51484375 0.20625 0.06171875 0.06796875
0 0.8078125 0.3875 0.0703125 0.065625
0 0.353125 0.53046875 0.05703125 0.0796875
0 0.8140625 0.78828125 0.05625 0.0796875
0 0.60234375 0.34765625 0.06796875 0.046875
0 0.53515625 0.86875 0.03828125 0.08984375
0 0.1859375 0.53671875 0.03828125 0.07578125
0 0.9140625 0.6375 0.03125 0.08359375
0 0.5609375 0.3921875 0.05859375 0.0515625
0 0.69921875 0.43671875 0.07578125 0.05703125
0 0.39453125 0.20234375 0.065625 0.06328125
0 0.03125 0.44921875 0.03203125 0.08203125
0 0.70859375 0.1265625 0.04140625 0.06328125
0 0.2453125 0.4515625 0.04296875 0.05859375
0 0.6125 0.24140625 0.07890625 0.0546875
0 0.40234375 0.25859375 0.04453125 0.06875
0 0.1703125 0.35390625 0.05078125 0.06484375
0 0.44765625 0.2953125 0.04609375 0.06015625
0 0.1015625 0.18046875 0.06796875 0.06484375
0 0.90546875 0.45703125 0.06640625 0.06328125
0 0.79609375 0.47265625 0.0765625 0.05625
0 0.5296875 0.275 0.06796875 0.0375
0 0.32734375 0.63203125 0.05625 0.0671875
0 0.9734375 0.3421875 0.053125 0.0703125
0 0.0453125 0.55234375 0.0734375 0.05
0 0.78828125 0.31796875 0.059375 0.05703125
0 0.575 0.178125 0.0203125 0.04765625
0 0.28125 0.44140625 0.04453125 0.0578125
0 0.29453125 0.38671875 0.05703125 0.06328125
0 0.87109375 0.3828125 0.04296875 0.0625
0 0.7453125 0.25859375 0.078125 0.06953125