0 0.88671875 0.821875 0.16640625 0.1171875
0 0.740625 0.6609375 0.0375 0.0640625
0 0.7 0.71953125 0.04375 0.07578125
0 0.6421875 0.7484375 0.09453125 0.07578125
0 0.54921875 0.64296875 0.0375 0.0640625
0 0.34375 0.73125 0.078125 0.05859375
0 0.3203125 0.778125 0.0984375 0.07578125
0 0.2765625 0.6640625 0.02734375 0.0640625
0 0.203125 0.7015625 0.084375 0.08203125
0 0.11328125 0.73671875 0.084375 0.05859375
0 0.19140625 0.76875 0.06796875 0.0703125
0 0.1625 0.7921875 0.0609375 0.0703125
0 0.0359375 0.771875 0.07109375 0.0703125