0 0.05390625 0.40234375 0.03125 0.02578125
0 0.1390625 0.39140625 0.05 0.04609375
0 0.11953125 0.41484375 0.06171875 0.0359375
0 0.18125 0.39140625 0.04609375 0.0359375
0 0.2453125 0.41015625 0.06171875 0.02578125
0 0.34375 0.39140625 0.04609375 0.0359375
0 0.403125 0.39453125 0.03828125 0.03125
0 0.4359375 0.4125 0.0421875 0.02578125
0 0.4671875 0.39140625 0.03828125 0.0359375
0 0.540625 0.39140625 0.02734375 0.0359375
0 0.6640625 0.40703125 0.06171875 0.0359375
0 0.79765625 0.45390625 0.04609375 0.071875
0 0.93984375 0.45078125 0.0734375 0.06171875
0 0.97890625 0.49765625 0.0421875 0.04140625
0 0.59453125 0.41484375 0.05390625 0.03125
0 0.59453125 0.41484375 0.03125 0.071875
0 0.55 0.4921875 0.1234375 0.06171875
0 0.146875 0.60546875 0.29375 0.29921875
0 0.6890625 0.484375 0.10390625 0.103125
0 0.5484375 0.70625 0.4828125 0.35078125
0 0.93984375 0.70859375 0.11953125 0.18046875