0 0.94609375 0.40234375 0.03125 0.02578125
0 0.8609375 0.39140625 0.05 0.04609375
0 0.88046875 0.41484375 0.06171875 0.0359375
0 0.81875 0.39140625 0.04609375 0.0359375
0 0.7546875 0.41015625 0.06171875 0.02578125
0 0.65625 0.39140625 0.04609375 0.0359375
0 0.596875 0.39453125 0.03828125 0.03125
0 0.5640625 0.4125 0.0421875 0.02578125
0 0.5328125 0.39140625 0.03828125 0.0359375
0 0.459375 0.39140625 0.02734375 0.0359375
0 0.3359375 0.40703125 0.06171875 0.0359375
0 0.20234375 0.45390625 0.04609375 0.071875
0 0.06015625 0.45078125 0.0734375 0.06171875
0 0.02109375 0.49765625 0.0421875 0.04140625
0 0.40546875 0.41484375 0.05390625 0.03125
0 0.40546875 0.41484375 0.03125 0.071875
0 0.45 0.4921875 0.1234375 0.06171875
0 0.853125 0.60546875 0.29375 0.29921875
0 0.3109375 0.484375 0.10390625 0.103125
0 0.4515625 0.70625 0.4828125 0.35078125
0 0.06015625 0.70859375 0.11953125 0.18046875