0 0.03828125 0.26484375 0.0765625 0.1734375
0 0.5609375 0.45078125 0.45625 0.6484375
0 0.08359375 0.21640625 0.01953125 0.06171875
0 0.1234375 0.275 0.0609375 0.06171875
0 0.840625 0.265625 0.0421875 0.04921875
0 0.3203125 0.31484375 0.07734375 0.06796875
0 0.1765625 0.28984375 0.0578125 0.05546875
0 0.30859375 0.25 0.03828125 0.05546875
0 0.2703125 0.17890625 0.02890625 0.03125
0 0.20703125 0.15703125 0.02265625 0.01875
0 0.24453125 0.18515625 0.01640625 0.025
0 0.18828125 0.25 0.07109375 0.08671875
0 0.26015625 0.25 0.0484375 0.09296875
0 0.29765625 0.18828125 0.02578125 0.04296875
0 0.35859375 0.20390625 0.02890625 0.03125
0 0.36171875 0.240625 0.0453125 0.03125
0 0.41640625 0.253125 0.0484375 0.1359375
0 0.36796875 0.275 0.0578125 0.04296875
0 0.96796875 0.25 0.03203125 0.04921875
0 0.91484375 0.246875 0.0515625 0.04921875