0 0.0765625 0.21640625 0.08828125 0.128125
0 0.259375 0.21953125 0.08203125 0.121875
0 0.07734375 0.746875 0.08515625 0.121875
0 0.259375 0.746875 0.08203125 0.121875
0 0.39609375 0.22265625 0.08828125 0.121875
0 0.6 0.21953125 0.08203125 0.121875
0 0.44140625 0.3578125 0.08828125 0.121875
0 0.55703125 0.36484375 0.07890625 0.121875
0 0.58671875 0.540625 0.08203125 0.121875
0 0.42109375 0.6625 0.08828125 0.121875
0 0.46328125 0.80390625 0.090625 0.121875
0 0.590625 0.76328125 0.07890625 0.121875
0 0.7421875 0.209375 0.08828125 0.128125
0 0.7375 0.36171875 0.08828125 0.121875
0 0.8578125 0.27734375 0.07890625 0.128125
0 0.93984375 0.20625 0.08203125 0.128125
0 0.82109375 0.4359375 0.08828125 0.128125
0 0.7328125 0.53359375 0.08828125 0.128125
0 0.9265625 0.42265625 0.0765625 0.121875
0 0.73203125 0.69921875 0.08828125 0.121875
0 0.86328125 0.67578125 0.08203125 0.121875
0 0.93984375 0.6421875 0.08203125 0.121875
0 0.79296875 0.8171875 0.090625 0.121875
0 0.93828125 0.80390625 0.08203125 0.128125