0 0.14765625 0.48359375 0.09609375 0.17890625
0 0.5359375 0.32421875 0.053125 0.07265625
0 0.2171875 0.603125 0.153125 0.340625
0 0.2328125 0.48046875 0.05703125 0.18984375
0 0.29375 0.46640625 0.0640625 0.1953125
0 0.4203125 0.53359375 0.178125 0.2796875
0 0.7828125 0.61484375 0.27421875 0.44140625
0 0.6515625 0.2875 0.028125 0.04453125
0 0.946875 0.2875 0.0359375 0.04453125
0 0.98359375 0.28125 0.0328125 0.04375
0 0.96640625 0.315625 0.03203125 0.05625
0 0.553125 0.290625 0.03203125 0.0390625
0 0.525 0.2875 0.02109375 0.03359375
0 0.19921875 0.2765625 0.02109375 0.028125
0 0.13671875 0.290625 0.02109375 0.03359375
0 0.2296875 0.28203125 0.02109375 0.03359375
0 0.23515625 0.31015625 0.02109375 0.04453125
0 0.25078125 0.290625 0.0140625 0.03359375