0 0.9234375 0.78359375 0.08828125 0.128125
0 0.740625 0.78046875 0.08203125 0.121875
0 0.92265625 0.253125 0.08515625 0.121875
0 0.740625 0.253125 0.08203125 0.121875
0 0.60390625 0.77734375 0.08828125 0.121875
0 0.4 0.78046875 0.08203125 0.121875
0 0.55859375 0.6421875 0.08828125 0.121875
0 0.44296875 0.63515625 0.07890625 0.121875
0 0.41328125 0.459375 0.08203125 0.121875
0 0.57890625 0.3375 0.08828125 0.121875
0 0.53671875 0.19609375 0.090625 0.121875
0 0.409375 0.23671875 0.07890625 0.121875
0 0.2578125 0.790625 0.08828125 0.128125
0 0.2625 0.63828125 0.08828125 0.121875
0 0.1421875 0.72265625 0.07890625 0.128125
0 0.06015625 0.79375 0.08203125 0.128125
0 0.17890625 0.5640625 0.08828125 0.128125
0 0.2671875 0.46640625 0.08828125 0.128125
0 0.0734375 0.57734375 0.0765625 0.121875
0 0.26796875 0.30078125 0.08828125 0.121875
0 0.13671875 0.32421875 0.08203125 0.121875
0 0.06015625 0.3578125 0.08203125 0.121875
0 0.20703125 0.1828125 0.090625 0.121875
0 0.06171875 0.19609375 0.08203125 0.128125