0 0.125 0.15703125 0.03359375 0.05859375
0 0.171875 0.16328125 0.03671875 0.065625
0 0.153125 0.1046875 0.03359375 0.0390625
0 0.18359375 0.1109375 0.03984375 0.0390625
0 0.29921875 0.09140625 0.01796875 0.0390625
0 0.3828125 0.3171875 0.02109375 0.09140625
0 0.40703125 0.1078125 0.0125 0.04609375
0 0.46015625 0.221875 0.03671875 0.071875
0 0.5546875 0.359375 0.0453125 0.09765625
0 0.63671875 0.34296875 0.03046875 0.08515625
0 0.57109375 0.146875 0.02734375 0.05859375
0 0.63203125 0.21875 0.0484375 0.08515625