0 0.084375 0.62734375 0.11015625 0.23671875
0 0.1734375 0.6328125 0.11015625 0.190625
0 0.26484375 0.6359375 0.0859375 0.18515625
0 0.3265625 0.653125 0.06171875 0.16796875
0 0.378125 0.64140625 0.0484375 0.2140625
0 0.43984375 0.66171875 0.06875 0.20234375
0 0.49140625 0.65 0.06875 0.1734375
0 0.5703125 0.6328125 0.10625 0.2484375
0 0.62578125 0.6359375 0.0515625 0.20234375
0 0.68359375 0.64453125 0.07890625 0.1734375
0 0.73515625 0.653125 0.0484375 0.15625
0 0.85390625 0.653125 0.19609375 0.17890625