0 0.09140625 0.26171875 0.05 0.02109375
0 0.12578125 0.2875 0.05 0.02578125
0 0.1453125 0.29765625 0.04609375 0.02578125
0 0.1390625 0.3390625 0.0765625 0.04140625
0 0.240625 0.3421875 0.08046875 0.04140625
0 0.23671875 0.31640625 0.06484375 0.046875
0 0.21171875 0.2671875 0.034375 0.02578125
0 0.1734375 0.259375 0.03828125 0.02578125
0 0.62578125 0.61953125 0.2484375 0.22265625
0 0.809375 0.4921875 0.15625 0.2125
0 0.63515625 0.40703125 0.0875 0.05703125
0 0.55 0.42265625 0.06484375 0.11953125
0 0.30703125 0.31328125 0.07265625 0.0359375
0 0.725 0.36015625 0.053125 0.0359375
0 0.78984375 0.35 0.03828125 0.04140625
0 0.97109375 0.35 0.053125 0.046875
0 0.63515625 0.32109375 0.03828125 0.03125
0 0.59765625 0.32421875 0.03828125 0.03125
0 0.7421875 0.31640625 0.04609375 0.05703125
0 0.43125 0.378125 0.08359375 0.0984375
0 0.36796875 0.4296875 0.13359375 0.15
0 0.378125 0.31328125 0.05 0.04140625