0 0.85234375 0.51640625 0.09609375 0.17890625
0 0.4640625 0.67578125 0.053125 0.07265625
0 0.7828125 0.396875 0.153125 0.340625
0 0.7671875 0.51953125 0.05703125 0.18984375
0 0.70625 0.53359375 0.0640625 0.1953125
0 0.5796875 0.46640625 0.178125 0.2796875
0 0.2171875 0.38515625 0.27421875 0.44140625
0 0.3484375 0.7125 0.028125 0.04453125
0 0.053125 0.7125 0.0359375 0.04453125
0 0.01640625 0.71875 0.0328125 0.04375
0 0.03359375 0.684375 0.03203125 0.05625
0 0.446875 0.709375 0.03203125 0.0390625
0 0.475 0.7125 0.02109375 0.03359375
0 0.80078125 0.7234375 0.02109375 0.028125
0 0.86328125 0.709375 0.02109375 0.03359375
0 0.7703125 0.71796875 0.02109375 0.03359375
0 0.76484375 0.68984375 0.02109375 0.04453125
0 0.74921875 0.709375 0.0140625 0.03359375