0 0.05390625 0.59765625 0.03125 0.02578125
0 0.1390625 0.60859375 0.05 0.04609375
0 0.11953125 0.58515625 0.06171875 0.0359375
0 0.18125 0.60859375 0.04609375 0.0359375
0 0.2453125 0.58984375 0.06171875 0.02578125
0 0.34375 0.60859375 0.04609375 0.0359375
0 0.403125 0.60546875 0.03828125 0.03125
0 0.4359375 0.5875 0.0421875 0.02578125
0 0.4671875 0.60859375 0.03828125 0.0359375
0 0.540625 0.60859375 0.02734375 0.0359375
0 0.6640625 0.59296875 0.06171875 0.0359375
0 0.79765625 0.54609375 0.04609375 0.071875
0 0.93984375 0.54921875 0.0734375 0.06171875
0 0.97890625 0.50234375 0.0421875 0.04140625
0 0.59453125 0.58515625 0.05390625 0.03125
0 0.59453125 0.58515625 0.03125 0.071875
0 0.55 0.5078125 0.1234375 0.06171875
0 0.146875 0.39453125 0.29375 0.29921875
0 0.6890625 0.515625 0.10390625 0.103125
0 0.5484375 0.29375 0.4828125 0.35078125
0 0.93984375 0.29140625 0.11953125 0.18046875