0 0.125 0.84296875 0.03359375 0.05859375
0 0.171875 0.83671875 0.03671875 0.065625
0 0.153125 0.8953125 0.03359375 0.0390625
0 0.18359375 0.8890625 0.03984375 0.0390625
0 0.29921875 0.90859375 0.01796875 0.0390625
0 0.3828125 0.6828125 0.02109375 0.09140625
0 0.40703125 0.8921875 0.0125 0.04609375
0 0.46015625 0.778125 0.03671875 0.071875
0 0.5546875 0.640625 0.0453125 0.09765625
0 0.63671875 0.65703125 0.03046875 0.08515625
0 0.57109375 0.853125 0.02734375 0.05859375
0 0.63203125 0.78125 0.0484375 0.08515625