0 0.875 0.15703125 0.03359375 0.05859375
0 0.828125 0.16328125 0.03671875 0.065625
0 0.846875 0.1046875 0.03359375 0.0390625
0 0.81640625 0.1109375 0.03984375 0.0390625
0 0.70078125 0.09140625 0.01796875 0.0390625
0 0.6171875 0.3171875 0.02109375 0.09140625
0 0.59296875 0.1078125 0.0125 0.04609375
0 0.53984375 0.221875 0.03671875 0.071875
0 0.4453125 0.359375 0.0453125 0.09765625
0 0.36328125 0.34296875 0.03046875 0.08515625
0 0.42890625 0.146875 0.02734375 0.05859375
0 0.36796875 0.21875 0.0484375 0.08515625