0 0.52421875 0.22734375 0.3609375 0.45390625
0 0.52421875 0.44765625 0.18359375 0.18984375
0 0.590625 0.5921875 0.1453125 0.29453125
0 0.47265625 0.68125 0.07734375 0.184375
0 0.70625 0.64140625 0.0609375 0.159375
0 0.78359375 0.5953125 0.07421875 0.0921875
0 0.32109375 0.675 0.06484375 0.0671875
0 0.78359375 0.69296875 0.03515625 0.04296875
0 0.26328125 0.72421875 0.07109375 0.05546875
0 0.3578125 0.7453125 0.03515625 0.04921875
0 0.18515625 0.72734375 0.0515625 0.04921875
0 0.86953125 0.61953125 0.1 0.12265625
0 0.11953125 0.7390625 0.03515625 0.03671875
0 0.65625 0.7296875 0.0421875 0.04921875