0 0.19765625 0.7078125 0.07265625 0.03515625
0 0.38671875 0.73359375 0.090625 0.04765625
0 0.3 0.68984375 0.0546875 0.03515625
0 0.390625 0.67265625 0.03671875 0.03046875
0 0.3546875 0.63984375 0.03203125 0.03046875
0 0.2796875 0.63515625 0.040625 0.03046875
0 0.12265625 0.6421875 0.0453125 0.03515625
0 0.45703125 0.6546875 0.02265625 0.03046875
0 0.5046875 0.68125 0.0453125 0.03515625
0 0.56328125 0.65078125 0.05 0.03046875
0 0.615625 0.65078125 0.03671875 0.0265625
0 0.71171875 0.6421875 0.0453125 0.03046875
0 0.60703125 0.71640625 0.08203125 0.04765625
0 0.74765625 0.675 0.08203125 0.03515625