0 0.47578125 0.77265625 0.3609375 0.45390625
0 0.47578125 0.55234375 0.18359375 0.18984375
0 0.409375 0.4078125 0.1453125 0.29453125
0 0.52734375 0.31875 0.07734375 0.184375
0 0.29375 0.35859375 0.0609375 0.159375
0 0.21640625 0.4046875 0.07421875 0.0921875
0 0.67890625 0.325 0.06484375 0.0671875
0 0.21640625 0.30703125 0.03515625 0.04296875
0 0.73671875 0.27578125 0.07109375 0.05546875
0 0.6421875 0.2546875 0.03515625 0.04921875
0 0.81484375 0.27265625 0.0515625 0.04921875
0 0.13046875 0.38046875 0.1 0.12265625
0 0.88046875 0.2609375 0.03515625 0.03671875
0 0.34375 0.2703125 0.0421875 0.04921875