0 0.565625 0.42578125 0.09296875 0.6234375
0 0.1453125 0.4953125 0.23203125 0.703125
0 0.36171875 0.525 0.18359375 0.60390625
0 0.9171875 0.2421875 0.096875 0.3265625
0 0.71953125 0.22734375 0.09296875 0.2578125
0 0.6421875 0.2421875 0.08671875 0.2578125
0 0.4734375 0.35625 0.11484375 0.4359375
0 0.8609375 0.2078125 0.0546875 0.2671875
0 0.3921875 0.203125 0.05859375 0.13828125
0 0.253125 0.16796875 0.04453125 0.10859375
0 0.3375 0.178125 0.05234375 0.0890625
0 0.371875 0.11875 0.0421875 0.06953125
0 0.4859375 0.1234375 0.0546875 0.07890625
0 0.4203125 0.12890625 0.01796875 0.0890625