0 0.33125 0.16953125 0.4765625 0.3390625
0 0.86796875 0.29140625 0.23515625 0.31640625
0 0.88828125 0.5609375 0.04296875 0.0890625
0 0.74375 0.603125 0.06015625 0.078125
0 0.55703125 0.48359375 0.075 0.10546875
0 0.653125 0.41953125 0.05 0.1390625
0 0.425 0.3640625 0.0640625 0.16640625
0 0.3203125 0.446875 0.05703125 0.1109375
0 0.2953125 0.46953125 0.05 0.10546875
0 0.38828125 0.5109375 0.05 0.10546875
0 0.81640625 0.5 0.04296875 0.08359375
0 0.8328125 0.621875 0.025 0.05546875
0 0.44140625 0.525 0.0359375 0.04453125
0 0.48203125 0.471875 0.0359375 0.121875
0 0.4375 0.44453125 0.0921875 0.128125
0 0.65859375 0.49453125 0.103125 0.13359375