0 0.3 0.20234375 0.10234375 0.115625
0 0.084375 0.35078125 0.04921875 0.0890625
0 0.3796875 0.30234375 0.0359375 0.053125
0 0.4625 0.1890625 0.0625 0.115625
0 0.81328125 0.13984375 0.0625 0.07109375
0 0.7265625 0.16875 0.0625 0.06640625
0 0.66015625 0.1578125 0.0625 0.07578125
0 0.284375 0.33984375 0.0359375 0.0625
0 0.40234375 0.23125 0.03984375 0.084375
0 0.484375 0.26015625 0.03125 0.0578125
0 0.5578125 0.21796875 0.0359375 0.0796875
0 0.12421875 0.3953125 0.0265625 0.04453125
0 0.515625 0.22890625 0.03984375 0.0796875