0 0.66875 0.83046875 0.4765625 0.3390625
0 0.13203125 0.70859375 0.23515625 0.31640625
0 0.11171875 0.4390625 0.04296875 0.0890625
0 0.25625 0.396875 0.06015625 0.078125
0 0.44296875 0.51640625 0.075 0.10546875
0 0.346875 0.58046875 0.05 0.1390625
0 0.575 0.6359375 0.0640625 0.16640625
0 0.6796875 0.553125 0.05703125 0.1109375
0 0.7046875 0.53046875 0.05 0.10546875
0 0.61171875 0.4890625 0.05 0.10546875
0 0.18359375 0.5 0.04296875 0.08359375
0 0.1671875 0.378125 0.025 0.05546875
0 0.55859375 0.475 0.0359375 0.04453125
0 0.51796875 0.528125 0.0359375 0.121875
0 0.5625 0.55546875 0.0921875 0.128125
0 0.34140625 0.50546875 0.103125 0.13359375