0 0.80234375 0.2921875 0.07265625 0.03515625
0 0.61328125 0.26640625 0.090625 0.04765625
0 0.7 0.31015625 0.0546875 0.03515625
0 0.609375 0.32734375 0.03671875 0.03046875
0 0.6453125 0.36015625 0.03203125 0.03046875
0 0.7203125 0.36484375 0.040625 0.03046875
0 0.87734375 0.3578125 0.0453125 0.03515625
0 0.54296875 0.3453125 0.02265625 0.03046875
0 0.4953125 0.31875 0.0453125 0.03515625
0 0.43671875 0.34921875 0.05 0.03046875
0 0.384375 0.34921875 0.03671875 0.0265625
0 0.28828125 0.3578125 0.0453125 0.03046875
0 0.39296875 0.28359375 0.08203125 0.04765625
0 0.25234375 0.325 0.08203125 0.03515625