0 0.3 0.79765625 0.10234375 0.115625
0 0.084375 0.64921875 0.04921875 0.0890625
0 0.3796875 0.69765625 0.0359375 0.053125
0 0.4625 0.8109375 0.0625 0.115625
0 0.81328125 0.86015625 0.0625 0.07109375
0 0.7265625 0.83125 0.0625 0.06640625
0 0.66015625 0.8421875 0.0625 0.07578125
0 0.284375 0.66015625 0.0359375 0.0625
0 0.40234375 0.76875 0.03984375 0.084375
0 0.484375 0.73984375 0.03125 0.0578125
0 0.5578125 0.78203125 0.0359375 0.0796875
0 0.12421875 0.6046875 0.0265625 0.04453125
0 0.515625 0.77109375 0.03984375 0.0796875