0 0.153125 0.71328125 0.0609375 0.17890625
0 0.67109375 0.6484375 0.08359375 0.08046875
0 0.2390625 0.66640625 0.06484375 0.07421875
0 0.28515625 0.6453125 0.0546875 0.0984375
0 0.57734375 0.70078125 0.0578125 0.19140625
0 0.42578125 0.6484375 0.07421875 0.08671875
0 0.51640625 0.59296875 0.08046875 0.06796875
0 0.52890625 0.66015625 0.0390625 0.08671875
0 0.48359375 0.725 0.08046875 0.228125
0 0.77734375 0.6265625 0.07734375 0.16015625
0 0.7984375 0.58671875 0.06484375 0.18515625
0 0.903125 0.5953125 0.1421875 0.18515625
0 0.9484375 0.6546875 0.103125 0.21015625