0 0.846875 0.28671875 0.0609375 0.17890625
0 0.32890625 0.3515625 0.08359375 0.08046875
0 0.7609375 0.33359375 0.06484375 0.07421875
0 0.71484375 0.3546875 0.0546875 0.0984375
0 0.42265625 0.29921875 0.0578125 0.19140625
0 0.57421875 0.3515625 0.07421875 0.08671875
0 0.48359375 0.40703125 0.08046875 0.06796875
0 0.47109375 0.33984375 0.0390625 0.08671875
0 0.51640625 0.275 0.08046875 0.228125
0 0.22265625 0.3734375 0.07734375 0.16015625
0 0.2015625 0.41328125 0.06484375 0.18515625
0 0.096875 0.4046875 0.1421875 0.18515625
0 0.0515625 0.3453125 0.103125 0.21015625