0 0.57421875 0.38515625 0.3078125 0.24609375
0 0.81875 0.5875 0.25 0.23515625
0 0.275 0.62265625 0.19921875 0.1859375
0 0.15234375 0.6640625 0.07578125 0.15859375
0 0.20625 0.78125 0.090625 0.08203125
0 0.3515625 0.759375 0.1125 0.09296875
0 0.5 0.80859375 0.05078125 0.07109375
0 0.67578125 0.75703125 0.090625 0.13125
0 0.6265625 0.86328125 0.0546875 0.0765625
0 0.56484375 0.84140625 0.03984375 0.06015625
0 0.13203125 0.78984375 0.08359375 0.0765625
0 0.8296875 0.88828125 0.0578125 0.04921875
0 0.36953125 0.86640625 0.0546875 0.06015625
0 0.29375 0.80859375 0.0796875 0.07109375
0 0.86796875 0.84453125 0.0796875 0.065625
0 0.90546875 0.82265625 0.05078125 0.0984375
0 0.03046875 0.803125 0.03984375 0.06015625
0 0.0125 0.784375 0.025 0.04921875
0 0.98515625 0.86328125 0.02890625 0.07109375
0 0.41640625 0.86328125 0.025 0.04921875
0 0.90546875 0.890625 0.03984375 0.04921875
0 0.953125 0.89609375 0.05078125 0.04921875