0 0.20078125 0.30078125 0.159375 0.240625
0 0.090625 0.5078125 0.09765625 0.1421875
0 0.396875 0.5515625 0.05078125 0.0765625
0 0.6375 0.565625 0.05078125 0.07109375
0 0.8515625 0.3609375 0.1265625 0.23515625
0 0.8421875 0.5296875 0.06875 0.08203125
0 0.91328125 0.565625 0.07578125 0.08203125
0 0.57421875 0.55703125 0.021875 0.065625
0 0.96953125 0.53359375 0.0609375 0.0828125
0 0.3421875 0.53828125 0.03984375 0.09296875
0 0.31328125 0.52734375 0.0546875 0.09296875
0 0.775 0.609375 0.021875 0.021875