0 0.79921875 0.69921875 0.159375 0.240625
0 0.909375 0.4921875 0.09765625 0.1421875
0 0.603125 0.4484375 0.05078125 0.0765625
0 0.3625 0.434375 0.05078125 0.07109375
0 0.1484375 0.6390625 0.1265625 0.23515625
0 0.1578125 0.4703125 0.06875 0.08203125
0 0.08671875 0.434375 0.07578125 0.08203125
0 0.42578125 0.44296875 0.021875 0.065625
0 0.03046875 0.46640625 0.0609375 0.0828125
0 0.6578125 0.46171875 0.03984375 0.09296875
0 0.68671875 0.47265625 0.0546875 0.09296875
0 0.225 0.390625 0.021875 0.021875