0 0.62890625 0.5375 0.34609375 0.38359375
0 0.2921875 0.521875 0.11328125 0.08828125
0 0.14140625 0.37421875 0.14453125 0.2828125
0 0.41171875 0.4875 0.10078125 0.11328125
0 0.03359375 0.371875 0.0671875 0.18125
0 0.3 0.06640625 0.1984375 0.13203125
0 0.55625 0.06640625 0.2984375 0.13203125
0 0.03515625 0.11015625 0.0703125 0.2203125
0 0.80078125 0.1609375 0.3984375 0.321875
0 0.79375 0.09140625 0.2296875 0.18203125
0 0.66796875 0.16953125 0.17890625 0.15703125
0 0.4609375 0.15390625 0.17578125 0.3078125
0 0.40859375 0.37109375 0.2765625 0.2203125