0 0.44765625 0.19921875 0.13125 0.13125
0 0.83671875 0.26484375 0.0578125 0.0546875
0 0.9234375 0.26796875 0.06171875 0.06015625
0 0.978125 0.2515625 0.0328125 0.0546875
0 0.30390625 0.2484375 0.04375 0.08203125
0 0.27109375 0.2734375 0.02890625 0.06015625
0 0.12890625 0.28671875 0.04375 0.0328125
0 0.05078125 0.28984375 0.02578125 0.03828125
0 0.07109375 0.31953125 0.02890625 0.0328125
0 0.4765625 0.2953125 0.0328125 0.04921875
0 0.7328125 0.29765625 0.05078125 0.04375
0 0.36015625 0.31171875 0.0328125 0.03828125
0 0.52890625 0.30625 0.03671875 0.0328125