0 0.55234375 0.80078125 0.13125 0.13125
0 0.16328125 0.73515625 0.0578125 0.0546875
0 0.0765625 0.73203125 0.06171875 0.06015625
0 0.021875 0.7484375 0.0328125 0.0546875
0 0.69609375 0.7515625 0.04375 0.08203125
0 0.72890625 0.7265625 0.02890625 0.06015625
0 0.87109375 0.71328125 0.04375 0.0328125
0 0.94921875 0.71015625 0.02578125 0.03828125
0 0.92890625 0.68046875 0.02890625 0.0328125
0 0.5234375 0.7046875 0.0328125 0.04921875
0 0.2671875 0.70234375 0.05078125 0.04375
0 0.63984375 0.68828125 0.0328125 0.03828125
0 0.47109375 0.69375 0.03671875 0.0328125