0 0.73671875 0.72421875 0.096875 0.178125
0 0.87578125 0.61796875 0.0828125 0.1203125
0 0.65234375 0.59453125 0.0625 0.0859375
0 0.4375 0.6609375 0.065625 0.13203125
0 0.2109375 0.72734375 0.1140625 0.1609375
0 0.1125 0.58359375 0.08671875 0.06328125
0 0.2453125 0.58359375 0.034375 0.06328125
0 0.3515625 0.56875 0.03125 0.06328125
0 0.484375 0.58046875 0.05546875 0.06875
0 0.5953125 0.5515625 0.0484375 0.0515625
0 0.74921875 0.56640625 0.06953125 0.06875
0 0.8359375 0.5578125 0.05859375 0.075
0 0.53828125 0.56328125 0.03125 0.0515625
0 0.26953125 0.534375 0.03125 0.03984375
0 0.2109375 0.5375 0.034375 0.03984375
0 0.13125 0.53125 0.034375 0.03984375