0 0.37109375 0.4625 0.34609375 0.38359375
0 0.7078125 0.478125 0.11328125 0.08828125
0 0.85859375 0.62578125 0.14453125 0.2828125
0 0.58828125 0.5125 0.10078125 0.11328125
0 0.96640625 0.628125 0.0671875 0.18125
0 0.7 0.93359375 0.1984375 0.13203125
0 0.44375 0.93359375 0.2984375 0.13203125
0 0.96484375 0.88984375 0.0703125 0.2203125
0 0.19921875 0.8390625 0.3984375 0.321875
0 0.20625 0.90859375 0.2296875 0.18203125
0 0.33203125 0.83046875 0.17890625 0.15703125
0 0.5390625 0.84609375 0.17578125 0.3078125
0 0.59140625 0.62890625 0.2765625 0.2203125