0 0.3953125 0.5703125 0.17109375 0.28828125
0 0.259375 0.56171875 0.0609375 0.12265625
0 0.2078125 0.49375 0.07421875 0.0734375
0 0.1390625 0.509375 0.0390625 0.0859375
0 0.07734375 0.4109375 0.07109375 0.05546875
0 0.4984375 0.61953125 0.090625 0.171875
0 0.5578125 0.53046875 0.0484375 0.11015625
0 0.659375 0.55859375 0.12890625 0.2703125
0 0.4890625 0.46015625 0.11640625 0.159375
0 0.72421875 0.5 0.13203125 0.178125
0 0.92265625 0.60703125 0.08671875 0.0921875
0 0.8109375 0.53671875 0.0546875 0.0796875