0 0.26328125 0.72421875 0.096875 0.178125
0 0.12421875 0.61796875 0.0828125 0.1203125
0 0.34765625 0.59453125 0.0625 0.0859375
0 0.5625 0.6609375 0.065625 0.13203125
0 0.7890625 0.72734375 0.1140625 0.1609375
0 0.8875 0.58359375 0.08671875 0.06328125
0 0.7546875 0.58359375 0.034375 0.06328125
0 0.6484375 0.56875 0.03125 0.06328125
0 0.515625 0.58046875 0.05546875 0.06875
0 0.4046875 0.5515625 0.0484375 0.0515625
0 0.25078125 0.56640625 0.06953125 0.06875
0 0.1640625 0.5578125 0.05859375 0.075
0 0.46171875 0.56328125 0.03125 0.0515625
0 0.73046875 0.534375 0.03125 0.03984375
0 0.7890625 0.5375 0.034375 0.03984375
0 0.86875 0.53125 0.034375 0.03984375