0 0.39296875 0.675 0.178125 0.2625
0 0.221875 0.59296875 0.134375 0.2078125
0 0.54375 0.53828125 0.13125 0.1203125
0 0.534375 0.46484375 0.08359375 0.07109375
0 0.6984375 0.70234375 0.4 0.37734375
0 0.90703125 0.48125 0.04765625 0.06015625
0 0.7890625 0.4453125 0.0796875 0.0546875
0 0.81640625 0.37421875 0.0765625 0.065625
0 0.10390625 0.42890625 0.03671875 0.03828125
0 0.3328125 0.41015625 0.03984375 0.03828125
0 0.590625 0.39375 0.02578125 0.0765625
0 0.7234375 0.41015625 0.0578125 0.04921875
0 0.51640625 0.4046875 0.04375 0.04375
0 0.4125 0.4125 0.0546875 0.0546875
0 0.47109375 0.39375 0.05078125 0.0328125