0 0.4890625 0.59296875 0.21796875 0.66640625
0 0.83984375 0.5328125 0.31640625 0.51328125
0 0.63125 0.48359375 0.1453125 0.45390625
0 0.178125 0.4890625 0.0984375 0.4375
0 0.29609375 0.48359375 0.1890625 0.46484375
0 0.6578125 0.5 0.1421875 0.48125
0 0.2109375 0.15859375 0.03984375 0.0765625
0 0.46328125 0.14765625 0.05078125 0.0546875
0 0.56328125 0.14765625 0.04375 0.0546875
0 0.64765625 0.2078125 0.04765625 0.0875
0 0.75078125 0.1640625 0.065625 0.0765625
0 0.3453125 0.1421875 0.02890625 0.04375
0 0.62578125 0.1421875 0.03984375 0.04921875
0 0.41484375 0.1390625 0.03671875 0.04921875
0 0.1234375 0.25703125 0.09453125 0.1421875
0 0.05078125 0.478125 0.1015625 0.4921875
0 0.965625 0.19375 0.04765625 0.0984375
0 0.96171875 0.26484375 0.0765625 0.04921875
0 0.8015625 0.26796875 0.1125 0.11484375
0 0.28359375 0.2265625 0.06875 0.07109375
0 0.02890625 0.2265625 0.0578125 0.08203125
0 0.36328125 0.26484375 0.090625 0.14765625
0 0.21796875 0.23203125 0.06171875 0.0765625
0 0.965625 0.153125 0.06875 0.065625
0 0.82578125 0.17734375 0.03984375 0.0984375
0 0.7984375 0.16640625 0.0328125 0.065625
0 0.7125 0.39921875 0.0765625 0.1859375
0 0.43984375 0.23203125 0.06171875 0.065625