0 0.5109375 0.40703125 0.21796875 0.66640625
0 0.16015625 0.4671875 0.31640625 0.51328125
0 0.36875 0.51640625 0.1453125 0.45390625
0 0.821875 0.5109375 0.0984375 0.4375
0 0.70390625 0.51640625 0.1890625 0.46484375
0 0.3421875 0.5 0.1421875 0.48125
0 0.7890625 0.84140625 0.03984375 0.0765625
0 0.53671875 0.85234375 0.05078125 0.0546875
0 0.43671875 0.85234375 0.04375 0.0546875
0 0.35234375 0.7921875 0.04765625 0.0875
0 0.24921875 0.8359375 0.065625 0.0765625
0 0.6546875 0.8578125 0.02890625 0.04375
0 0.37421875 0.8578125 0.03984375 0.04921875
0 0.58515625 0.8609375 0.03671875 0.04921875
0 0.8765625 0.74296875 0.09453125 0.1421875
0 0.94921875 0.521875 0.1015625 0.4921875
0 0.034375 0.80625 0.04765625 0.0984375
0 0.03828125 0.73515625 0.0765625 0.04921875
0 0.1984375 0.73203125 0.1125 0.11484375
0 0.71640625 0.7734375 0.06875 0.07109375
0 0.97109375 0.7734375 0.0578125 0.08203125
0 0.63671875 0.73515625 0.090625 0.14765625
0 0.78203125 0.76796875 0.06171875 0.0765625
0 0.034375 0.846875 0.06875 0.065625
0 0.17421875 0.82265625 0.03984375 0.0984375
0 0.2015625 0.83359375 0.0328125 0.065625
0 0.2875 0.60078125 0.0765625 0.1859375
0 0.56015625 0.76796875 0.06171875 0.065625