0 0.88046875 0.559375 0.08515625 0.0515625
0 0.9171875 0.43046875 0.08125 0.0671875
0 0.859375 0.2296875 0.06953125 0.09296875
0 0.75078125 0.4171875 0.06171875 0.071875
0 0.7453125 0.55390625 0.065625 0.0515625
0 0.64296875 0.0953125 0.08125 0.0671875
0 0.5828125 0.1703125 0.06953125 0.0671875
0 0.47265625 0.25546875 0.04609375 0.10859375
0 0.4765625 0.60078125 0.0578125 0.071875
0 0.55 0.690625 0.07734375 0.0359375
0 0.38203125 0.73984375 0.05 0.071875
0 0.2453125 0.29140625 0.034375 0.0828125
0 0.36640625 0.3453125 0.0734375 0.05703125
0 0.4015625 0.4125 0.06953125 0.05703125
0 0.3375 0.51796875 0.06953125 0.06171875
0 0.33203125 0.60078125 0.0734375 0.04609375
0 0.22578125 0.53828125 0.0578125 0.071875
0 0.30078125 0.68046875 0.05 0.09765625
0 0.2796875 0.7578125 0.0734375 0.0671875
0 0.13515625 0.825 0.0578125 0.0671875
0 0.4015625 0.1234375 0.0734375 0.04140625
0 0.33984375 0.1265625 0.05 0.071875
0 0.13125 0.6984375 0.04609375 0.0515625