0 0.20859375 0.221875 0.1578125 0.24609375
0 0.396875 0.19375 0.14921875 0.25390625
0 0.6875 0.18671875 0.196875 0.2390625
0 0.55078125 0.38046875 0.0984375 0.0984375
0 0.3453125 0.3484375 0.08203125 0.16171875
0 0.2109375 0.40859375 0.07890625 0.11953125
0 0.58984375 0.2359375 0.13515625 0.31015625
0 0.8421875 0.25 0.084375 0.20390625
0 0.9734375 0.36640625 0.04765625 0.1125
0 0.27578125 0.45078125 0.05078125 0.07734375
0 0.0265625 0.46796875 0.0453125 0.084375
0 0.015625 0.38046875 0.03125 0.10546875
0 0.79609375 0.38046875 0.09296875 0.10546875
0 0.125 0.4015625 0.06796875 0.1265625