0 0.803125 0.578125 0.32265625 0.0765625
0 0.75390625 0.434375 0.109375 0.0546875
0 0.346875 0.53671875 0.2515625 0.09453125
0 0.16640625 0.5234375 0.109375 0.0796875
0 0.325 0.43671875 0.0984375 0.03984375
0 0.57109375 0.51484375 0.09296875 0.08359375
0 0.478125 0.4578125 0.09296875 0.0546875
0 0.4125 0.4328125 0.04921875 0.03671875
0 0.065625 0.44765625 0.10390625 0.04765625
0 0.26796875 0.46875 0.08203125 0.02890625
0 0.34453125 0.47265625 0.11484375 0.03671875
0 0.90703125 0.42890625 0.0546875 0.04375