0 0.03359375 0.5421875 0.06640625 0.1109375
0 0.51328125 0.57578125 0.07578125 0.07109375
0 0.75546875 0.5796875 0.0265625 0.0625
0 0.621875 0.578125 0.06640625 0.0625
0 0.26015625 0.5578125 0.053125 0.07109375
0 0.8734375 0.584375 0.04453125 0.07109375
0 0.91796875 0.5953125 0.0359375 0.07578125
0 0.79296875 0.578125 0.03125 0.04453125
0 0.98671875 0.5953125 0.0265625 0.053125
0 0.4421875 0.56015625 0.0359375 0.07578125
0 0.378125 0.5625 0.09765625 0.06640625
0 0.3109375 0.55546875 0.0359375 0.0796875