0 0.15 0.2515625 0.04609375 0.10859375
0 0.51640625 0.1546875 0.1125 0.27109375
0 0.596875 0.23671875 0.04609375 0.1703125
0 0.765625 0.31015625 0.03828125 0.08515625
0 0.41015625 0.30625 0.04375 0.10078125
0 0.265625 0.26328125 0.03046875 0.11640625
0 0.82734375 0.3140625 0.03046875 0.08515625
0 0.04375 0.27109375 0.028125 0.12421875
0 0.7953125 0.37578125 0.0203125 0.05390625
0 0.18515625 0.3140625 0.0203125 0.06171875
0 0.209375 0.321875 0.01796875 0.05390625
0 0.54765625 0.35234375 0.0203125 0.06171875