0 0.20859375 0.778125 0.1578125 0.24609375
0 0.396875 0.80625 0.14921875 0.25390625
0 0.6875 0.81328125 0.196875 0.2390625
0 0.55078125 0.61953125 0.0984375 0.0984375
0 0.3453125 0.6515625 0.08203125 0.16171875
0 0.2109375 0.59140625 0.07890625 0.11953125
0 0.58984375 0.7640625 0.13515625 0.31015625
0 0.8421875 0.75 0.084375 0.20390625
0 0.9734375 0.63359375 0.04765625 0.1125
0 0.27578125 0.54921875 0.05078125 0.07734375
0 0.0265625 0.53203125 0.0453125 0.084375
0 0.015625 0.61953125 0.03125 0.10546875
0 0.79609375 0.61953125 0.09296875 0.10546875
0 0.125 0.5984375 0.06796875 0.1265625