0 0.196875 0.421875 0.32265625 0.0765625
0 0.24609375 0.565625 0.109375 0.0546875
0 0.653125 0.46328125 0.2515625 0.09453125
0 0.83359375 0.4765625 0.109375 0.0796875
0 0.675 0.56328125 0.0984375 0.03984375
0 0.42890625 0.48515625 0.09296875 0.08359375
0 0.521875 0.5421875 0.09296875 0.0546875
0 0.5875 0.5671875 0.04921875 0.03671875
0 0.934375 0.55234375 0.10390625 0.04765625
0 0.73203125 0.53125 0.08203125 0.02890625
0 0.65546875 0.52734375 0.11484375 0.03671875
0 0.09296875 0.57109375 0.0546875 0.04375