0 0.83671875 0.60625 0.109375 0.1421875
0 0.6234375 0.58984375 0.19296875 0.153125
0 0.090625 0.5125 0.18125 0.21875
0 0.91796875 0.51640625 0.065625 0.07109375
0 0.4234375 0.53828125 0.1421875 0.14765625
0 0.2578125 0.46484375 0.0578125 0.0546875
0 0.72734375 0.49765625 0.021875 0.065625
0 0.6328125 0.4921875 0.0765625 0.065625
0 0.15625 0.39921875 0.04375 0.04921875
0 0.77421875 0.50234375 0.0578125 0.0546875
0 0.8203125 0.49765625 0.05078125 0.04375
0 0.51484375 0.46171875 0.0578125 0.02734375
0 0.20703125 0.54609375 0.0875 0.153125