0 0.79765625 0.74453125 0.065625 0.1390625
0 0.66015625 0.5671875 0.06953125 0.0875
0 0.53828125 0.85078125 0.16953125 0.24765625
0 0.26796875 0.603125 0.05390625 0.06171875
0 0.3703125 0.6546875 0.07734375 0.07734375
0 0.12578125 0.61875 0.0421875 0.071875
0 0.0671875 0.66015625 0.0421875 0.0828125
0 0.19296875 0.5640625 0.05390625 0.10859375
0 0.509375 0.5125 0.06953125 0.06171875
0 0.3703125 0.50546875 0.0578125 0.05703125
0 0.5171875 0.5796875 0.065625 0.06171875
0 0.753125 0.4875 0.04609375 0.07734375
0 0.57890625 0.59765625 0.05 0.071875