0 0.15 0.7484375 0.04609375 0.10859375
0 0.51640625 0.8453125 0.1125 0.27109375
0 0.596875 0.76328125 0.04609375 0.1703125
0 0.765625 0.68984375 0.03828125 0.08515625
0 0.41015625 0.69375 0.04375 0.10078125
0 0.265625 0.73671875 0.03046875 0.11640625
0 0.82734375 0.6859375 0.03046875 0.08515625
0 0.04375 0.72890625 0.028125 0.12421875
0 0.7953125 0.62421875 0.0203125 0.05390625
0 0.18515625 0.6859375 0.0203125 0.06171875
0 0.209375 0.678125 0.01796875 0.05390625
0 0.54765625 0.64765625 0.0203125 0.06171875