0 0.20234375 0.25546875 0.065625 0.1390625
0 0.33984375 0.4328125 0.06953125 0.0875
0 0.46171875 0.14921875 0.16953125 0.24765625
0 0.73203125 0.396875 0.05390625 0.06171875
0 0.6296875 0.3453125 0.07734375 0.07734375
0 0.87421875 0.38125 0.0421875 0.071875
0 0.9328125 0.33984375 0.0421875 0.0828125
0 0.80703125 0.4359375 0.05390625 0.10859375
0 0.490625 0.4875 0.06953125 0.06171875
0 0.6296875 0.49453125 0.0578125 0.05703125
0 0.4828125 0.4203125 0.065625 0.06171875
0 0.246875 0.5125 0.04609375 0.07734375
0 0.42109375 0.40234375 0.05 0.071875