0 0.16015625 0.74609375 0.06015625 0.0625
0 0.29765625 0.74296875 0.05625 0.0453125
0 0.39453125 0.7203125 0.028125 0.03359375
0 0.42265625 0.7375 0.04921875 0.028125
0 0.428125 0.71484375 0.03203125 0.03984375
0 0.47890625 0.7203125 0.0390625 0.03984375
0 0.49140625 0.7484375 0.03203125 0.028125
0 0.5140625 0.73125 0.04609375 0.03359375
0 0.59140625 0.7203125 0.04609375 0.03984375
0 0.64296875 0.73984375 0.053125 0.03359375
0 0.7609375 0.734375 0.0421875 0.05625
0 0.81328125 0.7484375 0.07421875 0.05078125
0 0.890625 0.7203125 0.04609375 0.03359375