0 0.74453125 0.321875 0.1375 0.09765625
0 0.578125 0.321875 0.16015625 0.0796875
0 0.4109375 0.321875 0.1421875 0.0796875
0 0.25078125 0.321875 0.146875 0.07578125
0 0.74921875 0.4359375 0.1375 0.07578125
0 0.578125 0.4359375 0.13359375 0.0796875
0 0.41328125 0.4375 0.1421875 0.0890625
0 0.253125 0.4359375 0.13359375 0.07578125
0 0.746875 0.5578125 0.1421875 0.10234375
0 0.5796875 0.5578125 0.15078125 0.0890625
0 0.41328125 0.5578125 0.1375 0.084375
0 0.246875 0.55546875 0.12890625 0.07578125
0 0.753125 0.6734375 0.12890625 0.06640625
0 0.5796875 0.6734375 0.12421875 0.07578125
0 0.4109375 0.6734375 0.13359375 0.084375
0 0.25078125 0.67578125 0.07578125 0.09765625