0 0.83984375 0.74609375 0.06015625 0.0625
0 0.70234375 0.74296875 0.05625 0.0453125
0 0.60546875 0.7203125 0.028125 0.03359375
0 0.57734375 0.7375 0.04921875 0.028125
0 0.571875 0.71484375 0.03203125 0.03984375
0 0.52109375 0.7203125 0.0390625 0.03984375
0 0.50859375 0.7484375 0.03203125 0.028125
0 0.4859375 0.73125 0.04609375 0.03359375
0 0.40859375 0.7203125 0.04609375 0.03984375
0 0.35703125 0.73984375 0.053125 0.03359375
0 0.2390625 0.734375 0.0421875 0.05625
0 0.18671875 0.7484375 0.07421875 0.05078125
0 0.109375 0.7203125 0.04609375 0.03359375