0 0.49765625 0.79921875 0.0734375 0.065625
0 0.82265625 0.9703125 0.01953125 0.05625
0 0.453125 0.84140625 0.059375 0.084375
0 0.3609375 0.89609375 0.0609375 0.05625
0 0.7140625 0.8765625 0.03359375 0.07421875
0 0.3015625 0.66171875 0.0546875 0.0828125
0 0.28828125 0.70859375 0.0578125 0.05625
0 0.37578125 0.5125 0.06328125 0.10546875
0 0.3703125 0.25 0.0375 0.1515625
0 0.5453125 0.8578125 0.03125 0.08828125
0 0.14375 0.30546875 0.07578125 0.103125
0 0.05390625 0.8578125 0.075 0.06328125
0 0.21328125 0.44921875 0.05859375 0.109375
0 0.0265625 0.14296875 0.053125 0.09140625
0 0.059375 0.978125 0.021875 0.04296875
0 0.48515625 0.7171875 0.05703125 0.06484375
0 0.21484375 0.76875 0.0328125 0.11171875
0 0.45 0.48359375 0.03828125 0.11796875
0 0.3015625 0.44296875 0.0328125 0.121875
0 0.55390625 0.9359375 0.04296875 0.05859375
0 0.496875 0.17578125 0.04765625 0.14296875
0 0.66171875 0.52734375 0.0265625 0.0828125
0 0.5453125 0.771875 0.028125 0.07890625
0 0.06015625 0.6640625 0.02890625 0.11171875
0 0.38984375 0.834375 0.02734375 0.0890625
0 0.54296875 0.98359375 0.0171875 0.0328125
0 0.33359375 0.6171875 0.03671875 0.08046875
0 0.8671875 0.55703125 0.04921875 0.140625
0 0.24453125 0.9203125 0.03203125 0.08125
0 0.63984375 0.90703125 0.03671875 0.0703125
0 0.81171875 0.91171875 0.03203125 0.0453125
0 0.36796875 0.6640625 0.03359375 0.1453125
0 0.58046875 0.35859375 0.03828125 0.15390625
0 0.41796875 0.97734375 0.01953125 0.04453125
0 0.33203125 0.9421875 0.02734375 0.05625
0 0.2140625 0.953125 0.02578125 0.05625
0 0.10234375 0.9453125 0.025 0.0796875
0 0.34296875 0.77890625 0.0625 0.08359375
0 0.628125 0.8625 0.0296875 0.0859375
0 0.659375 0.709375 0.02109375 0.07578125
0 0.8984375 0.7421875 0.0359375 0.10625
0 0.5890625 0.86796875 0.01875 0.0515625
0 0.2828125 0.1640625 0.0546875 0.1375
0 0.4265625 0.2609375 0.05703125 0.18984375
0 0.33046875 0.36875 0.05859375 0.13984375
0 0.12890625 0.75078125 0.0484375 0.1296875
0 0.01875 0.8375 0.0375 0.0875
0 0.0125 0.6171875 0.025 0.1125
0 0.30703125 0.94140625 0.03359375 0.096875
0 0.5203125 0.609375 0.04921875 0.13828125
0 0.60703125 0.5171875 0.03984375 0.134375
0 0.71796875 0.38046875 0.0421875 0.15859375
0 0.8359375 0.45625 0.04140625 0.15
0 0.78671875 0.38515625 0.03203125 0.14140625
0 0.765625 0.34609375 0.0546875 0.165625
0 0.67890625 0.2984375 0.05234375 0.15703125
0 0.6421875 0.1828125 0.04140625 0.1515625
0 0.63125 0.39375 0.04453125 0.16171875
0 0.69765625 0.52265625 0.04453125 0.12890625
0 0.74609375 0.546875 0.0390625 0.096875
0 0.734375 0.49609375 0.03984375 0.1359375
0 0.778125 0.6109375 0.0578125 0.11875
0 0.82734375 0.6453125 0.0515625 0.10703125
0 0.746875 0.72265625 0.03828125 0.1140625
0 0.70390625 0.7203125 0.03515625 0.096875
0 0.7265625 0.60703125 0.02578125 0.09453125
0 0.69765625 0.625 0.02890625 0.10390625
0 0.6765625 0.6375 0.02421875 0.1125
0 0.62890625 0.59453125 0.04765625 0.1375
0 0.81171875 0.76328125 0.0375 0.08984375
0 0.7890625 0.68515625 0.03515625 0.1296875
0 0.77421875 0.80390625 0.02421875 0.10546875
0 0.7921875 0.8296875 0.0359375 0.1140625
0 0.82578125 0.8625 0.0390625 0.11015625
0 0.76796875 0.95390625 0.02890625 0.09140625
0 0.7453125 0.94765625 0.0328125 0.0671875
0 0.15 0.91171875 0.0390625 0.09453125
0 0.08984375 0.8203125 0.03046875 0.096875
0 0.246875 0.57109375 0.04375 0.12265625
0 0.66796875 0.9140625 0.03046875 0.09140625
0 0.60703125 0.80703125 0.03359375 0.09453125