0 0.9046875 0.18515625 0.04296875 0.05234375
0 0.478125 0.75859375 0.153125 0.13828125
0 0.3359375 0.8078125 0.146875 0.18515625
0 0.4984375 0.6375 0.1421875 0.1203125
0 0.21953125 0.55625 0.09765625 0.13515625
0 0.9390625 0.6 0.11015625 0.12890625
0 0.3984375 0.675 0.11796875 0.10546875
0 0.8484375 0.18359375 0.03671875 0.0421875
0 0.85546875 0.8 0.1265625 0.190625
0 0.84765625 0.55703125 0.07578125 0.12109375
0 0.0875 0.63125 0.1125 0.15625
0 0.609375 0.85625 0.14609375 0.09375
0 0.66640625 0.22890625 0.07265625 0.06484375
0 0.6734375 0.79140625 0.115625 0.159375
0 0.7359375 0.26015625 0.05703125 0.065625
0 0.9703125 0.68125 0.059375 0.1453125
0 0.56484375 0.5328125 0.0953125 0.109375
0 0.809375 0.6734375 0.12265625 0.12890625
0 0.815625 0.17890625 0.03125 0.040625
0 0.76484375 0.6015625 0.1328125 0.1171875
0 0.778125 0.3625 0.0578125 0.08515625
0 0.83046875 0.234375 0.05625 0.053125
0 0.325 0.61484375 0.121875 0.10625
0 0.45 0.29765625 0.0484375 0.06640625
0 0.73203125 0.73125 0.1328125 0.14296875
0 0.8375 0.1515625 0.0359375 0.04140625
0 0.821875 0.303125 0.028125 0.07265625
0 0.228125 0.44375 0.0359375 0.084375
0 0.2109375 0.2515625 0.02109375 0.05625
0 0.60625 0.24765625 0.0265625 0.05
0 0.78515625 0.2828125 0.021875 0.06015625
0 0.68203125 0.14921875 0.02578125 0.0375
0 0.5546875 0.384375 0.07265625 0.06171875
0 0.55390625 0.25 0.0453125 0.059375
0 0.4515625 0.47734375 0.096875 0.10078125
0 0.4296875 0.05 0.01796875 0.02109375
0 0.58828125 0.1078125 0.04609375 0.03359375
0 0.76640625 0.14921875 0.02734375 0.0453125
0 0.74140625 0.10546875 0.0234375 0.028125
0 0.23828125 0.2390625 0.025 0.0546875
0 0.2734375 0.484375 0.0328125 0.1078125
0 0.96484375 0.19765625 0.04765625 0.05859375
0 0.59609375 0.1734375 0.04765625 0.04296875
0 0.48828125 0.52734375 0.04921875 0.11875
0 0.64453125 0.1453125 0.0234375 0.028125
0 0.6328125 0.09375 0.02578125 0.0265625
0 0.34609375 0.54921875 0.05546875 0.0796875
0 0.17734375 0.228125 0.021875 0.053125
0 0.5 0.35234375 0.05859375 0.0734375
0 0.40703125 0.45078125 0.1015625 0.09296875
0 0.1296875 0.51640625 0.05859375 0.12734375
0 0.87109375 0.2375 0.03984375 0.05703125
0 0.68046875 0.603125 0.0734375 0.07890625
0 0.29375 0.43515625 0.040625 0.09453125
0 0.54140625 0.4421875 0.078125 0.1046875
0 0.3421875 0.2875 0.028125 0.0546875
0 0.1734375 0.36328125 0.0328125 0.10234375
0 0.296875 0.15234375 0.0453125 0.0390625
0 0.64609375 0.7296875 0.1375 0.12734375
0 0.52109375 0.0859375 0.0265625 0.0234375
0 0.4984375 0.83828125 0.09296875 0.12578125
0 0.3328125 0.43515625 0.03828125 0.1015625
0 0.3578125 0.48828125 0.05 0.09453125
0 0.4078125 0.41328125 0.10390625 0.05859375
0 0.38828125 0.359375 0.03984375 0.07265625
0 0.41796875 0.34921875 0.06953125 0.0671875
0 0.3546875 0.35 0.04453125 0.07734375
0 0.31875 0.3375 0.04609375 0.096875
0 0.2703125 0.34140625 0.0421875 0.08828125
0 0.2046875 0.33359375 0.06484375 0.07890625
0 0.2390625 0.35625 0.03828125 0.0671875
0 0.27109375 0.246875 0.02265625 0.07109375
0 0.29765625 0.27578125 0.04140625 0.0515625
0 0.34453125 0.28515625 0.0296875 0.05859375
0 0.70078125 0.2625 0.0484375 0.0671875
0 0.559375 0.3265625 0.07265625 0.08125
0 0.58125 0.34453125 0.0390625 0.0796875
0 0.52578125 0.34140625 0.05234375 0.04296875
0 0.50234375 0.3 0.0515625 0.0484375
0 0.54921875 0.240625 0.05859375 0.07265625
0 0.2484375 0.16796875 0.01875 0.0328125
0 0.64296875 0.68359375 0.14375 0.115625