0 0.5953125 0.43125 0.1109375 0.11484375
0 0.83359375 0.72265625 0.26171875 0.275
0 0.103125 0.759375 0.12578125 0.271875
0 0.64375 0.184375 0.0515625 0.0640625
0 0.75078125 0.5640625 0.15546875 0.2171875
0 0.66015625 0.34296875 0.109375 0.11171875
0 0.64140625 0.1171875 0.02265625 0.040625
0 0.6890625 0.1640625 0.0359375 0.053125
0 0.77109375 0.2703125 0.06015625 0.0734375
0 0.94296875 0.2375 0.08046875 0.06953125
0 0.90703125 0.2859375 0.09765625 0.09375
0 0.8734375 0.2359375 0.0671875 0.0625
0 0.8546875 0.30703125 0.0828125 0.09921875
0 0.60625 0.37421875 0.1171875 0.09375
0 0.2234375 0.171875 0.02265625 0.0609375
0 0.26015625 0.271875 0.04375 0.09453125
0 0.2609375 0.11640625 0.02109375 0.04140625
0 0.59609375 0.18046875 0.0171875 0.0484375
0 0.42734375 0.29453125 0.0296875 0.08828125
0 0.13828125 0.5546875 0.0765625 0.19765625
0 0.13828125 0.68046875 0.0984375 0.08828125
0 0.19765625 0.53359375 0.0796875 0.19453125
0 0.2265625 0.4234375 0.04609375 0.1171875
0 0.2578125 0.49140625 0.0453125 0.16171875
0 0.2875 0.51953125 0.05703125 0.17578125
0 0.33046875 0.52734375 0.06328125 0.16015625
0 0.30546875 0.415625 0.05390625 0.08984375
0 0.3515625 0.41875 0.05234375 0.13125
0 0.4109375 0.65390625 0.0703125 0.15
0 0.40234375 0.5484375 0.09140625 0.17578125
0 0.41328125 0.43046875 0.06640625 0.13984375
0 0.76328125 0.790625 0.09375 0.20625
0 0.7609375 0.475 0.0546875 0.0859375
0 0.7546875 0.421875 0.0578125 0.09140625
0 0.53046875 0.55625 0.1234375 0.171875
0 0.5765625 0.62109375 0.07734375 0.22421875
0 0.653125 0.63671875 0.11171875 0.27890625
0 0.66171875 0.2765625 0.0453125 0.06171875
0 0.61171875 0.29140625 0.0453125 0.065625
0 0.5625 0.26875 0.04296875 0.05703125
0 0.49921875 0.25703125 0.03515625 0.06171875
0 0.49375 0.35859375 0.04453125 0.1140625
0 0.45390625 0.36171875 0.05078125 0.103125
0 0.5078125 0.3484375 0.0875 0.1046875
0 0.4734375 0.45625 0.1015625 0.14296875
0 0.54296875 0.3171875 0.04296875 0.09140625
0 0.57734375 0.31015625 0.0671875 0.071875