0 0.50234375 0.20078125 0.0734375 0.065625
0 0.17734375 0.0296875 0.01953125 0.05625
0 0.546875 0.15859375 0.059375 0.084375
0 0.6390625 0.10390625 0.0609375 0.05625
0 0.2859375 0.1234375 0.03359375 0.07421875
0 0.6984375 0.33828125 0.0546875 0.0828125
0 0.71171875 0.29140625 0.0578125 0.05625
0 0.62421875 0.4875 0.06328125 0.10546875
0 0.6296875 0.75 0.0375 0.1515625
0 0.4546875 0.1421875 0.03125 0.08828125
0 0.85625 0.69453125 0.07578125 0.103125
0 0.94609375 0.1421875 0.075 0.06328125
0 0.78671875 0.55078125 0.05859375 0.109375
0 0.9734375 0.85703125 0.053125 0.09140625
0 0.940625 0.021875 0.021875 0.04296875
0 0.51484375 0.2828125 0.05703125 0.06484375
0 0.78515625 0.23125 0.0328125 0.11171875
0 0.55 0.51640625 0.03828125 0.11796875
0 0.6984375 0.55703125 0.0328125 0.121875
0 0.44609375 0.0640625 0.04296875 0.05859375
0 0.503125 0.82421875 0.04765625 0.14296875
0 0.33828125 0.47265625 0.0265625 0.0828125
0 0.4546875 0.228125 0.028125 0.07890625
0 0.93984375 0.3359375 0.02890625 0.11171875
0 0.61015625 0.165625 0.02734375 0.0890625
0 0.45703125 0.01640625 0.0171875 0.0328125
0 0.66640625 0.3828125 0.03671875 0.08046875
0 0.1328125 0.44296875 0.04921875 0.140625
0 0.75546875 0.0796875 0.03203125 0.08125
0 0.36015625 0.09296875 0.03671875 0.0703125
0 0.18828125 0.08828125 0.03203125 0.0453125
0 0.63203125 0.3359375 0.03359375 0.1453125
0 0.41953125 0.64140625 0.03828125 0.15390625
0 0.58203125 0.02265625 0.01953125 0.04453125
0 0.66796875 0.0578125 0.02734375 0.05625
0 0.7859375 0.046875 0.02578125 0.05625
0 0.89765625 0.0546875 0.025 0.0796875
0 0.65703125 0.22109375 0.0625 0.08359375
0 0.371875 0.1375 0.0296875 0.0859375
0 0.340625 0.290625 0.02109375 0.07578125
0 0.1015625 0.2578125 0.0359375 0.10625
0 0.4109375 0.13203125 0.01875 0.0515625
0 0.7171875 0.8359375 0.0546875 0.1375
0 0.5734375 0.7390625 0.05703125 0.18984375
0 0.66953125 0.63125 0.05859375 0.13984375
0 0.87109375 0.24921875 0.0484375 0.1296875
0 0.98125 0.1625 0.0375 0.0875
0 0.9875 0.3828125 0.025 0.1125
0 0.69296875 0.05859375 0.03359375 0.096875
0 0.4796875 0.390625 0.04921875 0.13828125
0 0.39296875 0.4828125 0.03984375 0.134375
0 0.28203125 0.61953125 0.0421875 0.15859375
0 0.1640625 0.54375 0.04140625 0.15
0 0.21328125 0.61484375 0.03203125 0.14140625
0 0.234375 0.65390625 0.0546875 0.165625
0 0.32109375 0.7015625 0.05234375 0.15703125
0 0.3578125 0.8171875 0.04140625 0.1515625
0 0.36875 0.60625 0.04453125 0.16171875
0 0.30234375 0.47734375 0.04453125 0.12890625
0 0.25390625 0.453125 0.0390625 0.096875
0 0.265625 0.50390625 0.03984375 0.1359375
0 0.221875 0.3890625 0.0578125 0.11875
0 0.17265625 0.3546875 0.0515625 0.10703125
0 0.253125 0.27734375 0.03828125 0.1140625
0 0.29609375 0.2796875 0.03515625 0.096875
0 0.2734375 0.39296875 0.02578125 0.09453125
0 0.30234375 0.375 0.02890625 0.10390625
0 0.3234375 0.3625 0.02421875 0.1125
0 0.37109375 0.40546875 0.04765625 0.1375
0 0.18828125 0.23671875 0.0375 0.08984375
0 0.2109375 0.31484375 0.03515625 0.1296875
0 0.22578125 0.19609375 0.02421875 0.10546875
0 0.2078125 0.1703125 0.0359375 0.1140625
0 0.17421875 0.1375 0.0390625 0.11015625
0 0.23203125 0.04609375 0.02890625 0.09140625
0 0.2546875 0.05234375 0.0328125 0.0671875
0 0.85 0.08828125 0.0390625 0.09453125
0 0.91015625 0.1796875 0.03046875 0.096875
0 0.753125 0.42890625 0.04375 0.12265625
0 0.33203125 0.0859375 0.03046875 0.09140625
0 0.39296875 0.19296875 0.03359375 0.09453125