0 0.6234375 0.32265625 0.034375 0.0640625
0 0.12890625 0.471875 0.03515625 0.06875
0 0.36328125 0.41171875 0.03671875 0.07265625
0 0.153125 0.30625 0.0234375 0.06015625
0 0.3359375 0.4984375 0.03984375 0.07265625
0 0.15546875 0.609375 0.03046875 0.08984375
0 0.1734375 0.5453125 0.03359375 0.06875
0 0.721875 0.44921875 0.0296875 0.0640625
0 0.43515625 0.6078125 0.02109375 0.0671875
0 0.1796875 0.625 0.0265625 0.07421875
0 0.3921875 0.796875 0.03671875 0.06953125
0 0.38828125 0.615625 0.04140625 0.075
0 0.48203125 0.70546875 0.025 0.0703125
0 0.5421875 0.859375 0.034375 0.07890625
0 0.63828125 0.90859375 0.0328125 0.0703125