0 0.0953125 0.81484375 0.04296875 0.05234375
0 0.521875 0.24140625 0.153125 0.13828125
0 0.6640625 0.1921875 0.146875 0.18515625
0 0.5015625 0.3625 0.1421875 0.1203125
0 0.78046875 0.44375 0.09765625 0.13515625
0 0.0609375 0.4 0.11015625 0.12890625
0 0.6015625 0.325 0.11796875 0.10546875
0 0.1515625 0.81640625 0.03671875 0.0421875
0 0.14453125 0.2 0.1265625 0.190625
0 0.15234375 0.44296875 0.07578125 0.12109375
0 0.9125 0.36875 0.1125 0.15625
0 0.390625 0.14375 0.14609375 0.09375
0 0.33359375 0.77109375 0.07265625 0.06484375
0 0.3265625 0.20859375 0.115625 0.159375
0 0.2640625 0.73984375 0.05703125 0.065625
0 0.0296875 0.31875 0.059375 0.1453125
0 0.43515625 0.4671875 0.0953125 0.109375
0 0.190625 0.3265625 0.12265625 0.12890625
0 0.184375 0.82109375 0.03125 0.040625
0 0.23515625 0.3984375 0.1328125 0.1171875
0 0.221875 0.6375 0.0578125 0.08515625
0 0.16953125 0.765625 0.05625 0.053125
0 0.675 0.38515625 0.121875 0.10625
0 0.55 0.70234375 0.0484375 0.06640625
0 0.26796875 0.26875 0.1328125 0.14296875
0 0.1625 0.8484375 0.0359375 0.04140625
0 0.178125 0.696875 0.028125 0.07265625
0 0.771875 0.55625 0.0359375 0.084375
0 0.7890625 0.7484375 0.02109375 0.05625
0 0.39375 0.75234375 0.0265625 0.05
0 0.21484375 0.7171875 0.021875 0.06015625
0 0.31796875 0.85078125 0.02578125 0.0375
0 0.4453125 0.615625 0.07265625 0.06171875
0 0.44609375 0.75 0.0453125 0.059375
0 0.5484375 0.52265625 0.096875 0.10078125
0 0.5703125 0.95 0.01796875 0.02109375
0 0.41171875 0.8921875 0.04609375 0.03359375
0 0.23359375 0.85078125 0.02734375 0.0453125
0 0.25859375 0.89453125 0.0234375 0.028125
0 0.76171875 0.7609375 0.025 0.0546875
0 0.7265625 0.515625 0.0328125 0.1078125
0 0.03515625 0.80234375 0.04765625 0.05859375
0 0.40390625 0.8265625 0.04765625 0.04296875
0 0.51171875 0.47265625 0.04921875 0.11875
0 0.35546875 0.8546875 0.0234375 0.028125
0 0.3671875 0.90625 0.02578125 0.0265625
0 0.65390625 0.45078125 0.05546875 0.0796875
0 0.82265625 0.771875 0.021875 0.053125
0 0.5 0.64765625 0.05859375 0.0734375
0 0.59296875 0.54921875 0.1015625 0.09296875
0 0.8703125 0.48359375 0.05859375 0.12734375
0 0.12890625 0.7625 0.03984375 0.05703125
0 0.31953125 0.396875 0.0734375 0.07890625
0 0.70625 0.56484375 0.040625 0.09453125
0 0.45859375 0.5578125 0.078125 0.1046875
0 0.6578125 0.7125 0.028125 0.0546875
0 0.8265625 0.63671875 0.0328125 0.10234375
0 0.703125 0.84765625 0.0453125 0.0390625
0 0.35390625 0.2703125 0.1375 0.12734375
0 0.47890625 0.9140625 0.0265625 0.0234375
0 0.5015625 0.16171875 0.09296875 0.12578125
0 0.6671875 0.56484375 0.03828125 0.1015625
0 0.6421875 0.51171875 0.05 0.09453125
0 0.5921875 0.58671875 0.10390625 0.05859375
0 0.61171875 0.640625 0.03984375 0.07265625
0 0.58203125 0.65078125 0.06953125 0.0671875
0 0.6453125 0.65 0.04453125 0.07734375
0 0.68125 0.6625 0.04609375 0.096875
0 0.7296875 0.65859375 0.0421875 0.08828125
0 0.7953125 0.66640625 0.06484375 0.07890625
0 0.7609375 0.64375 0.03828125 0.0671875
0 0.72890625 0.753125 0.02265625 0.07109375
0 0.70234375 0.72421875 0.04140625 0.0515625
0 0.65546875 0.71484375 0.0296875 0.05859375
0 0.29921875 0.7375 0.0484375 0.0671875
0 0.440625 0.6734375 0.07265625 0.08125
0 0.41875 0.65546875 0.0390625 0.0796875
0 0.47421875 0.65859375 0.05234375 0.04296875
0 0.49765625 0.7 0.0515625 0.0484375
0 0.45078125 0.759375 0.05859375 0.07265625
0 0.7515625 0.83203125 0.01875 0.0328125
0 0.35703125 0.31640625 0.14375 0.115625