0 0.4046875 0.56875 0.1109375 0.11484375
0 0.16640625 0.27734375 0.26171875 0.275
0 0.896875 0.240625 0.12578125 0.271875
0 0.35625 0.815625 0.0515625 0.0640625
0 0.24921875 0.4359375 0.15546875 0.2171875
0 0.33984375 0.65703125 0.109375 0.11171875
0 0.35859375 0.8828125 0.02265625 0.040625
0 0.3109375 0.8359375 0.0359375 0.053125
0 0.22890625 0.7296875 0.06015625 0.0734375
0 0.05703125 0.7625 0.08046875 0.06953125
0 0.09296875 0.7140625 0.09765625 0.09375
0 0.1265625 0.7640625 0.0671875 0.0625
0 0.1453125 0.69296875 0.0828125 0.09921875
0 0.39375 0.62578125 0.1171875 0.09375
0 0.7765625 0.828125 0.02265625 0.0609375
0 0.73984375 0.728125 0.04375 0.09453125
0 0.7390625 0.88359375 0.02109375 0.04140625
0 0.40390625 0.81953125 0.0171875 0.0484375
0 0.57265625 0.70546875 0.0296875 0.08828125
0 0.86171875 0.4453125 0.0765625 0.19765625
0 0.86171875 0.31953125 0.0984375 0.08828125
0 0.80234375 0.46640625 0.0796875 0.19453125
0 0.7734375 0.5765625 0.04609375 0.1171875
0 0.7421875 0.50859375 0.0453125 0.16171875
0 0.7125 0.48046875 0.05703125 0.17578125
0 0.66953125 0.47265625 0.06328125 0.16015625
0 0.69453125 0.584375 0.05390625 0.08984375
0 0.6484375 0.58125 0.05234375 0.13125
0 0.5890625 0.34609375 0.0703125 0.15
0 0.59765625 0.4515625 0.09140625 0.17578125
0 0.58671875 0.56953125 0.06640625 0.13984375
0 0.23671875 0.209375 0.09375 0.20625
0 0.2390625 0.525 0.0546875 0.0859375
0 0.2453125 0.578125 0.0578125 0.09140625
0 0.46953125 0.44375 0.1234375 0.171875
0 0.4234375 0.37890625 0.07734375 0.22421875
0 0.346875 0.36328125 0.11171875 0.27890625
0 0.33828125 0.7234375 0.0453125 0.06171875
0 0.38828125 0.70859375 0.0453125 0.065625
0 0.4375 0.73125 0.04296875 0.05703125
0 0.50078125 0.74296875 0.03515625 0.06171875
0 0.50625 0.64140625 0.04453125 0.1140625
0 0.54609375 0.63828125 0.05078125 0.103125
0 0.4921875 0.6515625 0.0875 0.1046875
0 0.5265625 0.54375 0.1015625 0.14296875
0 0.45703125 0.6828125 0.04296875 0.09140625
0 0.42265625 0.68984375 0.0671875 0.071875