0 0.3765625 0.67734375 0.034375 0.0640625
0 0.87109375 0.528125 0.03515625 0.06875
0 0.63671875 0.58828125 0.03671875 0.07265625
0 0.846875 0.69375 0.0234375 0.06015625
0 0.6640625 0.5015625 0.03984375 0.07265625
0 0.84453125 0.390625 0.03046875 0.08984375
0 0.8265625 0.4546875 0.03359375 0.06875
0 0.278125 0.55078125 0.0296875 0.0640625
0 0.56484375 0.3921875 0.02109375 0.0671875
0 0.8203125 0.375 0.0265625 0.07421875
0 0.6078125 0.203125 0.03671875 0.06953125
0 0.61171875 0.384375 0.04140625 0.075
0 0.51796875 0.29453125 0.025 0.0703125
0 0.4578125 0.140625 0.034375 0.07890625
0 0.36171875 0.09140625 0.0328125 0.0703125