0 0.3375 0.790625 0.0390625 0.028125
0 0.45234375 0.74921875 0.03984375 0.03046875
0 0.38046875 0.69765625 0.0421875 0.0234375
0 0.5890625 0.93671875 0.0375 0.028125
0 0.615625 0.825 0.0421875 0.025
0 0.68203125 0.7671875 0.03984375 0.02421875
0 0.709375 0.91328125 0.034375 0.0515625
0 0.63984375 0.68046875 0.04453125 0.02578125
0 0.78203125 0.71484375 0.0390625 0.02421875
0 0.78359375 0.83125 0.03828125 0.02109375
0 0.85859375 0.871875 0.046875 0.02734375
0 0.8484375 0.803125 0.03671875 0.02265625
0 0.8921875 0.79375 0.04609375 0.02109375
0 0.9421875 0.8609375 0.04375 0.03125
0 0.78671875 0.97421875 0.0375 0.03984375
0 0.84375 0.92890625 0.03515625 0.0484375