0 0.94375 0.7125 0.0171875 0.0375
0 0.8828125 0.6890625 0.02890625 0.02109375
0 0.78984375 0.61875 0.025 0.02578125
0 0.93515625 0.54375 0.02421875 0.034375
0 0.8703125 0.565625 0.0171875 0.03671875
0 0.86640625 0.4953125 0.0203125 0.03203125
0 0.9625 0.4953125 0.015625 0.0375
0 0.9390625 0.47265625 0.028125 0.01875
0 0.91484375 0.4421875 0.0140625 0.03828125
0 0.81171875 0.478125 0.01484375 0.0390625
0 0.8359375 0.52109375 0.02890625 0.01796875
0 0.83125 0.56640625 0.02109375 0.021875
0 0.7765625 0.4671875 0.0203125 0.028125
0 0.90234375 0.47265625 0.0125 0.03515625
0 0.8484375 0.55 0.025 0.034375
0 0.92890625 0.3640625 0.01875 0.03671875
0 0.80703125 0.29296875 0.01171875 0.03828125
0 0.909375 0.20859375 0.01796875 0.03984375
0 0.9625 0.41328125 0.0203125 0.03359375
0 0.96640625 0.3 0.01953125 0.01953125
0 0.971875 0.2921875 0.01953125 0.0359375