0 0.3671875 0.5390625 0.0296875 0.03984375
0 0.75859375 0.246875 0.02265625 0.0515625
0 0.6484375 0.46796875 0.025 0.05
0 0.6421875 0.58125 0.03203125 0.04765625
0 0.7546875 0.6796875 0.034375 0.04453125
0 0.74140625 0.84609375 0.0390625 0.0328125
0 0.603125 0.85859375 0.03515625 0.034375
0 0.53046875 0.7703125 0.0421875 0.034375
0 0.7296875 0.890625 0.040625 0.03515625
0 0.83515625 0.9328125 0.0390625 0.0453125
0 0.93046875 0.978125 0.03515625 0.0359375
0 0.67734375 0.9671875 0.0390625 0.03359375
0 0.7125 0.97578125 0.03671875 0.0359375
0 0.803125 0.9640625 0.03984375 0.0359375