0 0.2015625 0.575 0.01171875 0.0375
0 0.23203125 0.74921875 0.01953125 0.03046875
0 0.19609375 0.76015625 0.01484375 0.04140625
0 0.18203125 0.8453125 0.025 0.0203125
0 0.1421875 0.771875 0.01875 0.0359375
0 0.07578125 0.82734375 0.02265625 0.0375
0 0.046875 0.69296875 0.0203125 0.03203125
0 0.046875 0.778125 0.0171875 0.04140625
0 0.0953125 0.72109375 0.01484375 0.040625
0 0.0703125 0.74453125 0.01953125 0.0359375
0 0.08125 0.64375 0.021875 0.03828125
0 0.09609375 0.48671875 0.0234375 0.03828125
0 0.04296875 0.5765625 0.01875 0.02109375
0 0.03125 0.575 0.01640625 0.02890625
0 0.13359375 0.84140625 0.02421875 0.0390625
0 0.17421875 0.80546875 0.02578125 0.01875
0 0.15625 0.80859375 0.02421875 0.03046875
0 0.22265625 0.9015625 0.02265625 0.02890625
0 0.128125 0.97109375 0.028125 0.02265625
0 0.06875 0.98671875 0.0140625 0.02578125