0 0.190625 0.51015625 0.021875 0.04140625
0 0.22734375 0.42109375 0.0203125 0.04375
0 0.26640625 0.39453125 0.02109375 0.03828125
0 0.2578125 0.2921875 0.01875 0.04140625
0 0.290625 0.3421875 0.01953125 0.0359375
0 0.35546875 0.30390625 0.015625 0.0375
0 0.29296875 0.31015625 0.02578125 0.04453125
0 0.27421875 0.2125 0.0234375 0.034375
0 0.2828125 0.1640625 0.01875 0.0375
0 0.3296875 0.17734375 0.0203125 0.03359375
0 0.3484375 0.02109375 0.01640625 0.0390625
0 0.02109375 0.7015625 0.02578125 0.04140625