0 0.196875 0.68125 0.021875 0.03828125
0 0.27265625 0.7171875 0.01953125 0.02734375
0 0.2 0.73515625 0.01875 0.0359375
0 0.16171875 0.73046875 0.0265625 0.0296875
0 0.10078125 0.7796875 0.0171875 0.0453125
0 0.1640625 0.8015625 0.02109375 0.03828125
0 0.21484375 0.8015625 0.02421875 0.03828125
0 0.25703125 0.9015625 0.021875 0.03984375
0 0.22578125 0.896875 0.0296875 0.03046875
0 0.10078125 0.909375 0.015625 0.0453125
0 0.35234375 0.96953125 0.0234375 0.0359375
0 0.32578125 0.9828125 0.01796875 0.0328125
0 0.27890625 0.9875 0.0171875 0.02421875