0 0.528125 0.91640625 0.01953125 0.04453125
0 0.64921875 0.859375 0.015625 0.04609375
0 0.653125 0.7265625 0.01953125 0.0359375
0 0.6984375 0.75078125 0.01796875 0.0421875
0 0.71484375 0.6890625 0.02109375 0.03828125
0 0.73046875 0.59375 0.01953125 0.03984375
0 0.6296875 0.57890625 0.0265625 0.03359375
0 0.67890625 0.5984375 0.02265625 0.040625
0 0.68828125 0.55859375 0.01953125 0.03515625
0 0.7296875 0.47890625 0.0203125 0.034375
0 0.76640625 0.4453125 0.01953125 0.0390625
0 0.8 0.3609375 0.01953125 0.0421875
0 0.940625 0.19296875 0.02734375 0.0453125