0 0.1875 0.909375 0.03125 0.07421875
0 0.11640625 0.88125 0.03359375 0.03359375
0 0.16953125 0.77421875 0.0453125 0.02890625
0 0.08671875 0.78359375 0.0359375 0.034375
0 0.09453125 0.7421875 0.0328125 0.0453125
0 0.0703125 0.69140625 0.03984375 0.0375
0 0.02265625 0.71640625 0.0453125 0.0328125
0 0.090625 0.46328125 0.05234375 0.0359375
0 0.09375 0.34921875 0.046875 0.03828125
0 0.01953125 0.41484375 0.0390625 0.03984375
0 0.1328125 0.28828125 0.0453125 0.02734375
0 0.69453125 0.2953125 0.04921875 0.03125
0 0.08125 0.1953125 0.05390625 0.028125