0 0.10234375 0.3578125 0.02265625 0.0359375
0 0.20703125 0.26640625 0.0125 0.0421875
0 0.0484375 0.26796875 0.01875 0.02265625
0 0.03671875 0.26875 0.0171875 0.03671875
0 0.0875 0.1984375 0.021875 0.0421875
0 0.05234375 0.1515625 0.02109375 0.03125
0 0.1015625 0.12421875 0.015625 0.034375
0 0.07265625 0.10234375 0.021875 0.0375
0 0.05234375 0.0625 0.01640625 0.0453125
0 0.11328125 0.0890625 0.015625 0.0421875
0 0.20234375 0.07421875 0.01640625 0.03515625
0 0.14921875 0.06875 0.02109375 0.0375
0 0.18046875 0.03515625 0.02734375 0.02265625
0 0.15859375 0.0359375 0.02265625 0.03046875
0 0.08125 0.0171875 0.01875 0.0328125
0 0.1375 0.0078125 0.0171875 0.01484375
0 0.1890625 0.0046875 0.01875 0.00859375
0 0.23828125 0.09140625 0.02265625 0.03671875