0 0.89765625 0.3578125 0.02265625 0.0359375
0 0.79296875 0.26640625 0.0125 0.0421875
0 0.9515625 0.26796875 0.01875 0.02265625
0 0.96328125 0.26875 0.0171875 0.03671875
0 0.9125 0.1984375 0.021875 0.0421875
0 0.94765625 0.1515625 0.02109375 0.03125
0 0.8984375 0.12421875 0.015625 0.034375
0 0.92734375 0.10234375 0.021875 0.0375
0 0.94765625 0.0625 0.01640625 0.0453125
0 0.88671875 0.0890625 0.015625 0.0421875
0 0.79765625 0.07421875 0.01640625 0.03515625
0 0.85078125 0.06875 0.02109375 0.0375
0 0.81953125 0.03515625 0.02734375 0.02265625
0 0.84140625 0.0359375 0.02265625 0.03046875
0 0.91875 0.0171875 0.01875 0.0328125
0 0.8625 0.0078125 0.0171875 0.01484375
0 0.8109375 0.0046875 0.01875 0.00859375
0 0.76171875 0.09140625 0.02265625 0.03671875