0 0.54140625 0.63671875 0.021875 0.04375
0 0.62890625 0.5765625 0.0140625 0.04609375
0 0.6984375 0.5765625 0.015625 0.04765625
0 0.63984375 0.66015625 0.0125 0.04296875
0 0.678125 0.73515625 0.01640625 0.046875
0 0.7140625 0.73046875 0.01875 0.0421875
0 0.73203125 0.85859375 0.02109375 0.0453125
0 0.5625 0.05546875 0.0140625 0.0453125
0 0.575 0.01484375 0.01328125 0.0296875
0 0.58515625 0.23359375 0.01328125 0.04296875
0 0.52421875 0.3421875 0.01640625 0.04765625
0 0.6046875 0.42265625 0.01171875 0.03828125
0 0.63203125 0.40390625 0.015625 0.04375
0 0.66875 0.384375 0.01640625 0.04453125
0 0.7015625 0.4265625 0.01171875 0.040625