0 0.18671875 0.11171875 0.0203125 0.04375
0 0.425 0.16875 0.0140625 0.04453125
0 0.4328125 0.2171875 0.01640625 0.04765625
0 0.41640625 0.378125 0.01953125 0.05390625
0 0.478125 0.4390625 0.01875 0.04375
0 0.34453125 0.4640625 0.01640625 0.0375
0 0.31328125 0.49921875 0.0125 0.0421875
0 0.378125 0.528125 0.01015625 0.03984375
0 0.36171875 0.54921875 0.01328125 0.02734375
0 0.37421875 0.63984375 0.0125 0.04453125
0 0.32109375 0.6546875 0.01328125 0.0453125
0 0.31328125 0.74765625 0.01328125 0.04765625
0 0.3359375 0.79609375 0.01328125 0.0453125
0 0.36484375 0.7515625 0.01328125 0.03984375
0 0.29453125 0.8796875 0.01328125 0.04609375
0 0.496875 0.7375 0.0171875 0.04453125