0 0.45859375 0.36328125 0.021875 0.04375
0 0.37109375 0.4234375 0.0140625 0.04609375
0 0.3015625 0.4234375 0.015625 0.04765625
0 0.36015625 0.33984375 0.0125 0.04296875
0 0.321875 0.26484375 0.01640625 0.046875
0 0.2859375 0.26953125 0.01875 0.0421875
0 0.26796875 0.14140625 0.02109375 0.0453125
0 0.4375 0.94453125 0.0140625 0.0453125
0 0.425 0.98515625 0.01328125 0.0296875
0 0.41484375 0.76640625 0.01328125 0.04296875
0 0.47578125 0.6578125 0.01640625 0.04765625
0 0.3953125 0.57734375 0.01171875 0.03828125
0 0.36796875 0.59609375 0.015625 0.04375
0 0.33125 0.615625 0.01640625 0.04453125
0 0.2984375 0.5734375 0.01171875 0.040625