0 0.8125 0.090625 0.03125 0.07421875
0 0.88359375 0.11875 0.03359375 0.03359375
0 0.83046875 0.22578125 0.0453125 0.02890625
0 0.91328125 0.21640625 0.0359375 0.034375
0 0.90546875 0.2578125 0.0328125 0.0453125
0 0.9296875 0.30859375 0.03984375 0.0375
0 0.97734375 0.28359375 0.0453125 0.0328125
0 0.909375 0.53671875 0.05234375 0.0359375
0 0.90625 0.65078125 0.046875 0.03828125
0 0.98046875 0.58515625 0.0390625 0.03984375
0 0.8671875 0.71171875 0.0453125 0.02734375
0 0.30546875 0.7046875 0.04921875 0.03125
0 0.91875 0.8046875 0.05390625 0.028125