0 0.38828125 0.18203125 0.03046875 0.04375
0 0.575 0.4125 0.04140625 0.02890625
0 0.6671875 0.22734375 0.03359375 0.04765625
0 0.67109375 0.121875 0.02734375 0.0671875
0 0.790625 0.315625 0.034375 0.0453125
0 0.765625 0.50078125 0.04375 0.02265625
0 0.66015625 0.49453125 0.0375 0.0234375
0 0.7125 0.62421875 0.03515625 0.04140625
0 0.7671875 0.53828125 0.0421875 0.034375
0 0.86328125 0.59375 0.03671875 0.04296875
0 0.828125 0.6234375 0.03984375 0.02890625
0 0.9109375 0.65 0.03984375 0.03046875
0 0.965625 0.63671875 0.04296875 0.02265625
0 0.75703125 0.6296875 0.0328125 0.03828125
0 0.77421875 0.73125 0.03828125 0.028125
0 0.46484375 0.6390625 0.0359375 0.04609375
0 0.40234375 0.67890625 0.03671875 0.03203125
0 0.5296875 0.665625 0.0359375 0.03984375
0 0.58203125 0.725 0.03828125 0.03203125
0 0.540625 0.7546875 0.03984375 0.021875
0 0.453125 0.77265625 0.03671875 0.040625
0 0.3859375 0.83984375 0.03984375 0.0359375
0 0.58046875 0.7765625 0.034375 0.0375
0 0.61796875 0.81953125 0.03828125 0.02890625
0 0.64296875 0.84453125 0.03046875 0.0453125
0 0.46640625 0.89453125 0.03671875 0.0328125
0 0.5015625 0.934375 0.04375 0.028125
0 0.571875 0.91796875 0.040625 0.03125
0 0.71015625 0.75 0.03984375 0.0265625
0 0.7171875 0.86875 0.0375 0.03046875
0 0.75078125 0.93671875 0.0390625 0.04140625
0 0.81640625 0.809375 0.0296875 0.03984375
0 0.84609375 0.82109375 0.0390625 0.03359375
0 0.04765625 0.8359375 0.0375 0.03515625
0 0.09765625 0.9015625 0.03828125 0.0484375