0 0.6328125 0.5390625 0.0296875 0.03984375
0 0.24140625 0.246875 0.02265625 0.0515625
0 0.3515625 0.46796875 0.025 0.05
0 0.3578125 0.58125 0.03203125 0.04765625
0 0.2453125 0.6796875 0.034375 0.04453125
0 0.25859375 0.84609375 0.0390625 0.0328125
0 0.396875 0.85859375 0.03515625 0.034375
0 0.46953125 0.7703125 0.0421875 0.034375
0 0.2703125 0.890625 0.040625 0.03515625
0 0.16484375 0.9328125 0.0390625 0.0453125
0 0.06953125 0.978125 0.03515625 0.0359375
0 0.32265625 0.9671875 0.0390625 0.03359375
0 0.2875 0.97578125 0.03671875 0.0359375
0 0.196875 0.9640625 0.03984375 0.0359375