0 0.61953125 0.9390625 0.02578125 0.02734375
0 0.4734375 0.71875 0.02265625 0.02734375
0 0.47890625 0.778125 0.02421875 0.02734375
0 0.5359375 0.98828125 0.01953125 0.02265625
0 0.50078125 0.384375 0.015625 0.0453125
0 0.55546875 0.35078125 0.01875 0.04765625
0 0.5453125 0.20703125 0.0171875 0.04296875
0 0.46953125 0.0796875 0.0140625 0.04453125
0 0.66640625 0.70078125 0.01796875 0.0359375
0 0.89765625 0.634375 0.02109375 0.0359375
0 0.8375 0.39296875 0.01640625 0.04140625
0 0.6484375 0.40546875 0.0171875 0.04375
0 0.5890625 0.4296875 0.01328125 0.040625
0 0.5765625 0.5234375 0.01171875 0.040625
0 0.6578125 0.31640625 0.01328125 0.04609375
0 0.60390625 0.25234375 0.0140625 0.03984375
0 0.62890625 0.15625 0.0125 0.046875
0 0.67109375 0.1234375 0.01484375 0.04296875
0 0.63671875 0.04375 0.0140625 0.03984375