0 0.5078125 0.4015625 0.0296875 0.03828125
0 0.53515625 0.48515625 0.025 0.0375
0 0.69765625 0.44140625 0.04140625 0.0265625
0 0.74453125 0.47265625 0.04140625 0.03828125
0 0.796875 0.38671875 0.03046875 0.0328125
0 0.8546875 0.36875 0.04296875 0.0296875
0 0.8484375 0.45 0.04765625 0.02421875
0 0.96875 0.45 0.034375 0.0359375
0 0.97109375 0.546875 0.034375 0.0265625
0 0.7484375 0.6015625 0.0421875 0.03203125
0 0.6546875 0.61171875 0.0265625 0.03671875
0 0.7671875 0.7078125 0.01953125 0.05625
0 0.84140625 0.63515625 0.03515625 0.03125
0 0.875 0.6265625 0.0421875 0.04140625
0 0.91953125 0.63203125 0.04296875 0.0328125
0 0.85703125 0.696875 0.03203125 0.05234375
0 0.915625 0.7078125 0.0390625 0.04296875
0 0.775 0.7984375 0.04140625 0.02578125
0 0.70234375 0.82734375 0.0359375 0.02890625
0 0.6921875 0.93828125 0.0390625 0.03671875
0 0.759375 0.95078125 0.0453125 0.0296875
0 0.7953125 0.87890625 0.03515625 0.028125
0 0.8375 0.878125 0.03984375 0.0265625
0 0.85078125 0.91796875 0.04296875 0.03828125
0 0.9296875 0.828125 0.025 0.05859375
0 0.9734375 0.77265625 0.03125 0.04296875
0 0.9703125 0.82109375 0.03203125 0.04609375
0 0.3921875 0.60625 0.03984375 0.0234375
0 0.5203125 0.68046875 0.03359375 0.03671875
0 0.61640625 0.92734375 0.0234375 0.03359375
0 0.51875 0.9796875 0.02578125 0.03984375
0 0.6046875 0.97734375 0.03359375 0.04375