0 0.9375 0.8890625 0.0203125 0.03984375
0 0.87578125 0.86640625 0.02890625 0.02734375
0 0.78359375 0.79609375 0.02578125 0.03125
0 0.865625 0.7390625 0.01953125 0.0375
0 0.928125 0.7203125 0.02265625 0.03515625
0 0.95703125 0.671875 0.015625 0.04140625
0 0.825 0.73984375 0.021875 0.02109375
0 0.771875 0.64296875 0.0203125 0.03125
0 0.80703125 0.653125 0.0140625 0.0390625
0 0.86171875 0.6703125 0.01875 0.040625
0 0.896875 0.6484375 0.01484375 0.03984375
0 0.934375 0.6421875 0.025 0.028125
0 0.83046875 0.69609375 0.0265625 0.0203125
0 0.84375 0.7109375 0.021875 0.03125
0 0.95859375 0.58984375 0.0203125 0.0375
0 0.9234375 0.53984375 0.01953125 0.0390625
0 0.80390625 0.4671875 0.015625 0.040625
0 0.91015625 0.6171875 0.015625 0.0421875
0 0.9078125 0.38203125 0.0234375 0.0390625
0 0.9609375 0.47265625 0.01953125 0.0203125
0 0.97421875 0.471875 0.015625 0.034375