0 0.88515625 0.96484375 0.0234375 0.0421875
0 0.63203125 0.96796875 0.015625 0.04296875
0 0.82265625 0.7203125 0.0171875 0.0421875
0 0.57578125 0.7234375 0.015625 0.03984375
0 0.575 0.6625 0.01640625 0.0453125
0 0.584375 0.515625 0.0140625 0.05078125
0 0.65234375 0.4875 0.01640625 0.05234375
0 0.678125 0.43828125 0.01640625 0.04609375
0 0.621875 0.390625 0.0171875 0.0453125
0 0.6171875 0.30546875 0.0171875 0.04609375
0 0.640625 0.325 0.015625 0.03984375
0 0.67109375 0.26875 0.015625 0.046875
0 0.69921875 0.196875 0.01484375 0.04765625
0 0.63359375 0.1734375 0.0140625 0.04375
0 0.67734375 0.13203125 0.01953125 0.04296875
0 0.71953125 0.075 0.01875 0.04296875
0 0.5140625 0.50078125 0.0171875 0.05078125
0 0.484375 0.19140625 0.015625 0.04765625