0 0.0625 0.1109375 0.0203125 0.03984375
0 0.12421875 0.13359375 0.02890625 0.02734375
0 0.21640625 0.20390625 0.02578125 0.03125
0 0.134375 0.2609375 0.01953125 0.0375
0 0.071875 0.2796875 0.02265625 0.03515625
0 0.04296875 0.328125 0.015625 0.04140625
0 0.175 0.26015625 0.021875 0.02109375
0 0.228125 0.35703125 0.0203125 0.03125
0 0.19296875 0.346875 0.0140625 0.0390625
0 0.13828125 0.3296875 0.01875 0.040625
0 0.103125 0.3515625 0.01484375 0.03984375
0 0.065625 0.3578125 0.025 0.028125
0 0.16953125 0.30390625 0.0265625 0.0203125
0 0.15625 0.2890625 0.021875 0.03125
0 0.04140625 0.41015625 0.0203125 0.0375
0 0.0765625 0.46015625 0.01953125 0.0390625
0 0.19609375 0.5328125 0.015625 0.040625
0 0.08984375 0.3828125 0.015625 0.0421875
0 0.0921875 0.61796875 0.0234375 0.0390625
0 0.0390625 0.52734375 0.01953125 0.0203125
0 0.02578125 0.528125 0.015625 0.034375