0 0.60703125 0.34140625 0.03828125 0.01796875
0 0.4515625 0.33984375 0.03203125 0.04375
0 0.43984375 0.3 0.02734375 0.05390625
0 0.4203125 0.40078125 0.03671875 0.02421875
0 0.365625 0.3796875 0.0265625 0.05234375
0 0.353125 0.2953125 0.0359375 0.03203125
0 0.3 0.37421875 0.025 0.05390625
0 0.3015625 0.4671875 0.040625 0.0328125
0 0.2453125 0.30546875 0.03125 0.04140625
0 0.225 0.41171875 0.03984375 0.04296875
0 0.16875 0.38359375 0.02734375 0.04765625
0 0.06640625 0.32578125 0.0390625 0.0296875
0 0.08125 0.37265625 0.03515625 0.0421875
0 0.09296875 0.43359375 0.0296875 0.0484375
0 0.35078125 0.2359375 0.03984375 0.0265625
0 0.303125 0.24609375 0.03984375 0.03203125
0 0.2765625 0.140625 0.028125 0.04921875
0 0.23828125 0.21328125 0.04296875 0.02734375
0 0.17734375 0.190625 0.03828125 0.03203125
0 0.228125 0.09375 0.040625 0.0421875
0 0.18984375 0.0375 0.02265625 0.0609375
0 0.10078125 0.0921875 0.02421875 0.0625
0 0.040625 0.04296875 0.03359375 0.05234375
0 0.11328125 0.2421875 0.03828125 0.05
0 0.22265625 0.26875 0.03203125 0.0265625
0 0.0265625 0.15703125 0.0265625 0.05625
0 0.02578125 0.275 0.02890625 0.0640625
0 0.4578125 0.4890625 0.0171875 0.05546875
0 0.3609375 0.51875 0.02265625 0.03828125
0 0.2171875 0.5734375 0.03515625 0.0375
0 0.11484375 0.56875 0.021875 0.0515625
0 0.06171875 0.6046875 0.0234375 0.04921875
0 0.03125 0.53671875 0.040625 0.040625
0 0.08828125 0.646875 0.028125 0.05625
0 0.14375 0.7125 0.03359375 0.04296875
0 0.08828125 0.76484375 0.02109375 0.06640625