0 0.871875 0.21640625 0.0359375 0.04296875
0 0.80703125 0.2671875 0.03984375 0.046875
0 0.91015625 0.509375 0.04453125 0.04765625
0 0.8765625 0.5265625 0.03125 0.04765625
0 0.753125 0.5390625 0.0453125 0.02421875
0 0.665625 0.55859375 0.04375 0.028125
0 0.4921875 0.3859375 0.04765625 0.02578125
0 0.47890625 0.4859375 0.0375 0.0296875
0 0.40390625 0.54921875 0.03984375 0.02578125
0 0.48125 0.19921875 0.0421875 0.0390625
0 0.4390625 0.10390625 0.040625 0.046875
0 0.41796875 0.275 0.03984375 0.0390625
0 0.40703125 0.33203125 0.0421875 0.03515625
0 0.36484375 0.15546875 0.0390625 0.03125
0 0.33046875 0.10234375 0.03984375 0.025
0 0.31953125 0.13125 0.03828125 0.03671875
0 0.21328125 0.15 0.0421875 0.0296875
0 0.27265625 0.21640625 0.04375 0.025
0 0.2796875 0.31015625 0.0390625 0.03671875
0 0.35390625 0.3640625 0.03828125 0.03828125
0 0.19609375 0.2859375 0.040625 0.0296875
0 0.11171875 0.14453125 0.046875 0.03046875
0 0.14140625 0.22265625 0.03125 0.0515625
0 0.084375 0.22578125 0.040625 0.05
0 0.20078125 0.35390625 0.03828125 0.03671875
0 0.21171875 0.425 0.03515625 0.03203125
0 0.1375 0.46015625 0.0453125 0.03203125
0 0.2875 0.46796875 0.0375 0.02734375
0 0.225 0.50390625 0.03984375 0.028125
0 0.1890625 0.503125 0.0375 0.025
0 0.2921875 0.60078125 0.04296875 0.025
0 0.2671875 0.62109375 0.03984375 0.02265625
0 0.44140625 0.6328125 0.04453125 0.02578125
0 0.70703125 0.63984375 0.04453125 0.02734375
0 0.24765625 0.02734375 0.03515625 0.05078125
0 0.2 0.02890625 0.03046875 0.0546875
0 0.12734375 0.021875 0.0375 0.0375
0 0.0421875 0.05078125 0.03828125 0.03203125
0 0.0234375 0.22578125 0.03671875 0.0375