0 0.61015625 0.7078125 0.028125 0.0203125
0 0.54921875 0.65546875 0.0234375 0.0359375
0 0.634375 0.59609375 0.025 0.025
0 0.59140625 0.3140625 0.01484375 0.04296875
0 0.49296875 0.3859375 0.01875 0.03828125
0 0.47265625 0.4015625 0.0203125 0.0359375
0 0.5125 0.2265625 0.01171875 0.0515625
0 0.609375 0.1859375 0.01484375 0.046875
0 0.5125 0.1671875 0.021875 0.040625
0 0.58515625 0.08359375 0.021875 0.0390625
0 0.4546875 0.13046875 0.02109375 0.040625
0 0.70625 0.425 0.01875 0.0375
0 0.91328125 0.3015625 0.021875 0.040625
0 0.85234375 0.0703125 0.01953125 0.0515625
0 0.65703125 0.146875 0.01328125 0.05078125
0 0.69375 0.2078125 0.02578125 0.03515625
0 0.67109375 0.00546875 0.0140625 0.0109375