0 0.38984375 0.2921875 0.028125 0.0203125
0 0.45078125 0.34453125 0.0234375 0.0359375
0 0.365625 0.40390625 0.025 0.025
0 0.40859375 0.6859375 0.01484375 0.04296875
0 0.50703125 0.6140625 0.01875 0.03828125
0 0.52734375 0.5984375 0.0203125 0.0359375
0 0.4875 0.7734375 0.01171875 0.0515625
0 0.390625 0.8140625 0.01484375 0.046875
0 0.4875 0.8328125 0.021875 0.040625
0 0.41484375 0.91640625 0.021875 0.0390625
0 0.5453125 0.86953125 0.02109375 0.040625
0 0.29375 0.575 0.01875 0.0375
0 0.08671875 0.6984375 0.021875 0.040625
0 0.14765625 0.9296875 0.01953125 0.0515625
0 0.34296875 0.853125 0.01328125 0.05078125
0 0.30625 0.7921875 0.02578125 0.03515625
0 0.32890625 0.99453125 0.0140625 0.0109375