0 0.803125 0.31875 0.021875 0.03828125
0 0.72734375 0.2828125 0.01953125 0.02734375
0 0.8 0.26484375 0.01875 0.0359375
0 0.83828125 0.26953125 0.0265625 0.0296875
0 0.89921875 0.2203125 0.0171875 0.0453125
0 0.8359375 0.1984375 0.02109375 0.03828125
0 0.78515625 0.1984375 0.02421875 0.03828125
0 0.74296875 0.0984375 0.021875 0.03984375
0 0.77421875 0.103125 0.0296875 0.03046875
0 0.89921875 0.090625 0.015625 0.0453125
0 0.64765625 0.03046875 0.0234375 0.0359375
0 0.67421875 0.0171875 0.01796875 0.0328125
0 0.72109375 0.0125 0.0171875 0.02421875