0 0.7859375 0.0875 0.03984375 0.0234375
0 0.42265625 0.1328125 0.0171875 0.05078125
0 0.83125 0.0328125 0.0265625 0.0515625
0 0.97578125 0.19921875 0.040625 0.03515625
0 0.94296875 0.26796875 0.0375 0.0234375
0 0.94921875 0.49296875 0.0375 0.02734375
0 0.7015625 0.5671875 0.04296875 0.04140625
0 0.915625 0.67265625 0.0390625 0.01796875
0 0.9859375 0.48359375 0.02578125 0.04921875
0 0.9765625 0.64609375 0.03984375 0.015625
0 0.96015625 0.771875 0.03203125 0.03671875
0 0.91171875 0.8140625 0.0421875 0.0359375
0 0.58203125 0.82109375 0.0203125 0.0640625