0 0.128125 0.21640625 0.0359375 0.04296875
0 0.19296875 0.2671875 0.03984375 0.046875
0 0.08984375 0.509375 0.04453125 0.04765625
0 0.1234375 0.5265625 0.03125 0.04765625
0 0.246875 0.5390625 0.0453125 0.02421875
0 0.334375 0.55859375 0.04375 0.028125
0 0.5078125 0.3859375 0.04765625 0.02578125
0 0.52109375 0.4859375 0.0375 0.0296875
0 0.59609375 0.54921875 0.03984375 0.02578125
0 0.51875 0.19921875 0.0421875 0.0390625
0 0.5609375 0.10390625 0.040625 0.046875
0 0.58203125 0.275 0.03984375 0.0390625
0 0.59296875 0.33203125 0.0421875 0.03515625
0 0.63515625 0.15546875 0.0390625 0.03125
0 0.66953125 0.10234375 0.03984375 0.025
0 0.68046875 0.13125 0.03828125 0.03671875
0 0.78671875 0.15 0.0421875 0.0296875
0 0.72734375 0.21640625 0.04375 0.025
0 0.7203125 0.31015625 0.0390625 0.03671875
0 0.64609375 0.3640625 0.03828125 0.03828125
0 0.80390625 0.2859375 0.040625 0.0296875
0 0.88828125 0.14453125 0.046875 0.03046875
0 0.85859375 0.22265625 0.03125 0.0515625
0 0.915625 0.22578125 0.040625 0.05
0 0.79921875 0.35390625 0.03828125 0.03671875
0 0.78828125 0.425 0.03515625 0.03203125
0 0.8625 0.46015625 0.0453125 0.03203125
0 0.7125 0.46796875 0.0375 0.02734375
0 0.775 0.50390625 0.03984375 0.028125
0 0.8109375 0.503125 0.0375 0.025
0 0.7078125 0.60078125 0.04296875 0.025
0 0.7328125 0.62109375 0.03984375 0.02265625
0 0.55859375 0.6328125 0.04453125 0.02578125
0 0.29296875 0.63984375 0.04453125 0.02734375
0 0.75234375 0.02734375 0.03515625 0.05078125
0 0.8 0.02890625 0.03046875 0.0546875
0 0.87265625 0.021875 0.0375 0.0375
0 0.9578125 0.05078125 0.03828125 0.03203125
0 0.9765625 0.22578125 0.03671875 0.0375