0 0.3796875 0.0421875 0.0390625 0.03046875
0 0.56328125 0.0265625 0.0296875 0.04296875
0 0.59609375 0.08671875 0.0359375 0.02734375
0 0.5609375 0.17421875 0.015625 0.05859375
0 0.653125 0.2140625 0.021875 0.0625
0 0.696875 0.146875 0.03671875 0.02734375
0 0.6546875 0.06015625 0.03125 0.04296875
0 0.72265625 0.06328125 0.025 0.05546875
0 0.7921875 0.09296875 0.03984375 0.0484375
0 0.84921875 0.065625 0.02421875 0.05
0 0.79765625 0.25625 0.03125 0.0453125
0 0.90546875 0.2453125 0.01796875 0.053125
0 0.925 0.1125 0.028125 0.05390625
0 0.95546875 0.071875 0.04296875 0.040625
0 0.934375 0.025 0.03125 0.05
0 0.96015625 0.2828125 0.02578125 0.05703125
0 0.934375 0.32421875 0.02890625 0.05390625
0 0.87734375 0.390625 0.034375 0.0421875
0 0.934375 0.478125 0.021875 0.05625
0 0.60078125 0.7234375 0.015625 0.0515625