0 0.4234375 0.05703125 0.01328125 0.046875
0 0.47578125 0.2015625 0.0171875 0.04296875
0 0.3546875 0.24296875 0.01640625 0.0453125
0 0.3125 0.2984375 0.0140625 0.04375
0 0.371875 0.3296875 0.015625 0.03515625
0 0.29921875 0.3640625 0.01484375 0.040625
0 0.28671875 0.48203125 0.01875 0.04375
0 0.40234375 0.5109375 0.0203125 0.0390625
0 0.34765625 0.48828125 0.01953125 0.03828125
0 0.3375 0.5234375 0.01796875 0.03359375
0 0.28359375 0.628125 0.02578125 0.03671875
0 0.24609375 0.65546875 0.0203125 0.04609375
0 0.22109375 0.7421875 0.02109375 0.0375
0 0.1 0.9 0.03359375 0.040625