0 0.2140625 0.9125 0.03984375 0.0234375
0 0.57734375 0.8671875 0.0171875 0.05078125
0 0.16875 0.9671875 0.0265625 0.0515625
0 0.02421875 0.80078125 0.040625 0.03515625
0 0.05703125 0.73203125 0.0375 0.0234375
0 0.05078125 0.50703125 0.0375 0.02734375
0 0.2984375 0.4328125 0.04296875 0.04140625
0 0.084375 0.32734375 0.0390625 0.01796875
0 0.0140625 0.51640625 0.02578125 0.04921875
0 0.0234375 0.35390625 0.03984375 0.015625
0 0.03984375 0.228125 0.03203125 0.03671875
0 0.08828125 0.1859375 0.0421875 0.0359375
0 0.41796875 0.17890625 0.0203125 0.0640625