0 0.5765625 0.94296875 0.01328125 0.046875
0 0.52421875 0.7984375 0.0171875 0.04296875
0 0.6453125 0.75703125 0.01640625 0.0453125
0 0.6875 0.7015625 0.0140625 0.04375
0 0.628125 0.6703125 0.015625 0.03515625
0 0.70078125 0.6359375 0.01484375 0.040625
0 0.71328125 0.51796875 0.01875 0.04375
0 0.59765625 0.4890625 0.0203125 0.0390625
0 0.65234375 0.51171875 0.01953125 0.03828125
0 0.6625 0.4765625 0.01796875 0.03359375
0 0.71640625 0.371875 0.02578125 0.03671875
0 0.75390625 0.34453125 0.0203125 0.04609375
0 0.77890625 0.2578125 0.02109375 0.0375
0 0.9 0.1 0.03359375 0.040625