0 0.471875 0.91640625 0.01953125 0.04453125
0 0.35078125 0.859375 0.015625 0.04609375
0 0.346875 0.7265625 0.01953125 0.0359375
0 0.3015625 0.75078125 0.01796875 0.0421875
0 0.28515625 0.6890625 0.02109375 0.03828125
0 0.26953125 0.59375 0.01953125 0.03984375
0 0.3703125 0.57890625 0.0265625 0.03359375
0 0.32109375 0.5984375 0.02265625 0.040625
0 0.31171875 0.55859375 0.01953125 0.03515625
0 0.2703125 0.47890625 0.0203125 0.034375
0 0.23359375 0.4453125 0.01953125 0.0390625
0 0.2 0.3609375 0.01953125 0.0421875
0 0.059375 0.19296875 0.02734375 0.0453125