0 0.6203125 0.9578125 0.0390625 0.03046875
0 0.43671875 0.9734375 0.0296875 0.04296875
0 0.40390625 0.91328125 0.0359375 0.02734375
0 0.4390625 0.82578125 0.015625 0.05859375
0 0.346875 0.7859375 0.021875 0.0625
0 0.303125 0.853125 0.03671875 0.02734375
0 0.3453125 0.93984375 0.03125 0.04296875
0 0.27734375 0.93671875 0.025 0.05546875
0 0.2078125 0.90703125 0.03984375 0.0484375
0 0.15078125 0.934375 0.02421875 0.05
0 0.20234375 0.74375 0.03125 0.0453125
0 0.09453125 0.7546875 0.01796875 0.053125
0 0.075 0.8875 0.028125 0.05390625
0 0.04453125 0.928125 0.04296875 0.040625
0 0.065625 0.975 0.03125 0.05
0 0.03984375 0.7171875 0.02578125 0.05703125
0 0.065625 0.67578125 0.02890625 0.05390625
0 0.12265625 0.609375 0.034375 0.0421875
0 0.065625 0.521875 0.021875 0.05625
0 0.39921875 0.2765625 0.015625 0.0515625