0 0.471875 0.08359375 0.01953125 0.04453125
0 0.35078125 0.140625 0.015625 0.04609375
0 0.346875 0.2734375 0.01953125 0.0359375
0 0.3015625 0.24921875 0.01796875 0.0421875
0 0.28515625 0.3109375 0.02109375 0.03828125
0 0.26953125 0.40625 0.01953125 0.03984375
0 0.3703125 0.42109375 0.0265625 0.03359375
0 0.32109375 0.4015625 0.02265625 0.040625
0 0.31171875 0.44140625 0.01953125 0.03515625
0 0.2703125 0.52109375 0.0203125 0.034375
0 0.23359375 0.5546875 0.01953125 0.0390625
0 0.2 0.6390625 0.01953125 0.0421875
0 0.059375 0.80703125 0.02734375 0.0453125