0 0.3375 0.209375 0.0390625 0.028125
0 0.45234375 0.25078125 0.03984375 0.03046875
0 0.38046875 0.30234375 0.0421875 0.0234375
0 0.5890625 0.06328125 0.0375 0.028125
0 0.615625 0.175 0.0421875 0.025
0 0.68203125 0.2328125 0.03984375 0.02421875
0 0.709375 0.08671875 0.034375 0.0515625
0 0.63984375 0.31953125 0.04453125 0.02578125
0 0.78203125 0.28515625 0.0390625 0.02421875
0 0.78359375 0.16875 0.03828125 0.02109375
0 0.85859375 0.128125 0.046875 0.02734375
0 0.8484375 0.196875 0.03671875 0.02265625
0 0.8921875 0.20625 0.04609375 0.02109375
0 0.9421875 0.1390625 0.04375 0.03125
0 0.78671875 0.02578125 0.0375 0.03984375
0 0.84375 0.07109375 0.03515625 0.0484375