0 0.884375 0.740625 0.01796875 0.034375
0 0.6 0.13203125 0.01328125 0.0421875
0 0.634375 0.1234375 0.01640625 0.03828125
0 0.68203125 0.13671875 0.015625 0.0390625
0 0.65859375 0.253125 0.0171875 0.0453125
0 0.7375 0.325 0.0125 0.04375
0 0.80078125 0.309375 0.02890625 0.021875
0 0.759375 0.22890625 0.01953125 0.03984375
0 0.74765625 0.153125 0.01953125 0.03828125
0 0.85625 0.08671875 0.025 0.03828125
0 0.80859375 0.071875 0.01484375 0.0359375
0 0.753125 0.0609375 0.02890625 0.03046875
0 0.73046875 0.1046875 0.0140625 0.0453125
0 0.71953125 0.05625 0.0265625 0.03984375
0 0.67734375 0.06484375 0.0296875 0.02890625
0 0.7484375 0.396875 0.0203125 0.04375
0 0.971875 0.4171875 0.01640625 0.03984375
0 0.9625 0.3578125 0.03046875 0.0296875
0 0.75859375 0.015625 0.021875 0.0296875