0 0.94375 0.2875 0.0171875 0.0375
0 0.8828125 0.3109375 0.02890625 0.02109375
0 0.78984375 0.38125 0.025 0.02578125
0 0.93515625 0.45625 0.02421875 0.034375
0 0.8703125 0.434375 0.0171875 0.03671875
0 0.86640625 0.5046875 0.0203125 0.03203125
0 0.9625 0.5046875 0.015625 0.0375
0 0.9390625 0.52734375 0.028125 0.01875
0 0.91484375 0.5578125 0.0140625 0.03828125
0 0.81171875 0.521875 0.01484375 0.0390625
0 0.8359375 0.47890625 0.02890625 0.01796875
0 0.83125 0.43359375 0.02109375 0.021875
0 0.7765625 0.5328125 0.0203125 0.028125
0 0.90234375 0.52734375 0.0125 0.03515625
0 0.8484375 0.45 0.025 0.034375
0 0.92890625 0.6359375 0.01875 0.03671875
0 0.80703125 0.70703125 0.01171875 0.03828125
0 0.909375 0.79140625 0.01796875 0.03984375
0 0.9625 0.58671875 0.0203125 0.03359375
0 0.96640625 0.7 0.01953125 0.01953125
0 0.971875 0.7078125 0.01953125 0.0359375