0 0.6328125 0.4609375 0.0296875 0.03984375
0 0.24140625 0.753125 0.02265625 0.0515625
0 0.3515625 0.53203125 0.025 0.05
0 0.3578125 0.41875 0.03203125 0.04765625
0 0.2453125 0.3203125 0.034375 0.04453125
0 0.25859375 0.15390625 0.0390625 0.0328125
0 0.396875 0.14140625 0.03515625 0.034375
0 0.46953125 0.2296875 0.0421875 0.034375
0 0.2703125 0.109375 0.040625 0.03515625
0 0.16484375 0.0671875 0.0390625 0.0453125
0 0.06953125 0.021875 0.03515625 0.0359375
0 0.32265625 0.0328125 0.0390625 0.03359375
0 0.2875 0.02421875 0.03671875 0.0359375
0 0.196875 0.0359375 0.03984375 0.0359375