0 0.9515625 0.528125 0.01953125 0.0375
0 0.89296875 0.55234375 0.0296875 0.0234375
0 0.79921875 0.625 0.0265625 0.03125
0 0.88125 0.66171875 0.02578125 0.0265625
0 0.784375 0.77578125 0.02109375 0.02734375
0 0.82109375 0.76640625 0.01328125 0.0421875
0 0.87578125 0.746875 0.0203125 0.03671875
0 0.91015625 0.76953125 0.015625 0.03828125
0 0.94296875 0.7 0.025 0.02890625
0 0.83984375 0.675 0.0234375 0.01953125
0 0.8453125 0.71953125 0.03125 0.01796875
0 0.97109375 0.7453125 0.015625 0.03515625
0 0.85859375 0.69453125 0.025 0.0234375
0 0.9484375 0.76875 0.028125 0.02109375
0 0.971875 0.82421875 0.0171875 0.0359375
0 0.92421875 0.7953125 0.015625 0.0359375
0 0.93828125 0.87421875 0.01953125 0.0375
0 0.975 0.93359375 0.01953125 0.021875
0 0.9625 0.965625 0.0265625 0.028125
0 0.815625 0.95 0.01328125 0.03828125