0 0.0484375 0.528125 0.01953125 0.0375
0 0.10703125 0.55234375 0.0296875 0.0234375
0 0.20078125 0.625 0.0265625 0.03125
0 0.11875 0.66171875 0.02578125 0.0265625
0 0.215625 0.77578125 0.02109375 0.02734375
0 0.17890625 0.76640625 0.01328125 0.0421875
0 0.12421875 0.746875 0.0203125 0.03671875
0 0.08984375 0.76953125 0.015625 0.03828125
0 0.05703125 0.7 0.025 0.02890625
0 0.16015625 0.675 0.0234375 0.01953125
0 0.1546875 0.71953125 0.03125 0.01796875
0 0.02890625 0.7453125 0.015625 0.03515625
0 0.14140625 0.69453125 0.025 0.0234375
0 0.0515625 0.76875 0.028125 0.02109375
0 0.028125 0.82421875 0.0171875 0.0359375
0 0.07578125 0.7953125 0.015625 0.0359375
0 0.06171875 0.87421875 0.01953125 0.0375
0 0.025 0.93359375 0.01953125 0.021875
0 0.0375 0.965625 0.0265625 0.028125
0 0.184375 0.95 0.01328125 0.03828125