0 0.278125 0.5421875 0.02421875 0.03671875
0 0.221875 0.575 0.01328125 0.040625
0 0.2015625 0.53359375 0.015625 0.0421875
0 0.17109375 0.553125 0.0234375 0.03359375
0 0.221875 0.62734375 0.0203125 0.04140625
0 0.171875 0.6234375 0.01875 0.0421875
0 0.1140625 0.58828125 0.03125 0.025
0 0.359375 0.7921875 0.0203125 0.034375
0 0.28671875 0.82265625 0.01484375 0.04296875
0 0.33359375 0.809375 0.01875 0.04140625
0 0.2203125 0.83203125 0.01640625 0.0421875
0 0.26640625 0.725 0.01796875 0.034375
0 0.23515625 0.71953125 0.028125 0.02890625
0 0.18125 0.84921875 0.02109375 0.0390625
0 0.21015625 0.90078125 0.01875 0.03671875
0 0.30703125 0.92421875 0.01484375 0.0421875
0 0.22734375 0.95703125 0.0140625 0.0328125
0 0.178125 0.9578125 0.01640625 0.0390625
0 0.1078125 0.73828125 0.0171875 0.0421875
0 0.06484375 0.978125 0.0171875 0.0421875