0 0.10234375 0.6421875 0.02265625 0.0359375
0 0.20703125 0.73359375 0.0125 0.0421875
0 0.0484375 0.73203125 0.01875 0.02265625
0 0.03671875 0.73125 0.0171875 0.03671875
0 0.0875 0.8015625 0.021875 0.0421875
0 0.05234375 0.8484375 0.02109375 0.03125
0 0.1015625 0.87578125 0.015625 0.034375
0 0.07265625 0.89765625 0.021875 0.0375
0 0.05234375 0.9375 0.01640625 0.0453125
0 0.11328125 0.9109375 0.015625 0.0421875
0 0.20234375 0.92578125 0.01640625 0.03515625
0 0.14921875 0.93125 0.02109375 0.0375
0 0.18046875 0.96484375 0.02734375 0.02265625
0 0.15859375 0.9640625 0.02265625 0.03046875
0 0.08125 0.9828125 0.01875 0.0328125
0 0.1375 0.9921875 0.0171875 0.01484375
0 0.1890625 0.9953125 0.01875 0.00859375
0 0.23828125 0.90859375 0.02265625 0.03671875