0 0.89296875 0.2015625 0.021875 0.03828125
0 0.83125 0.44296875 0.01484375 0.0421875
0 0.74609375 0.971875 0.0140625 0.04375
0 0.703125 0.9421875 0.01796875 0.0453125
0 0.6390625 0.8890625 0.01328125 0.04609375
0 0.6953125 0.8859375 0.0203125 0.040625
0 0.66875 0.80625 0.01640625 0.0453125
0 0.6296875 0.765625 0.01484375 0.05078125
0 0.59453125 0.74921875 0.01796875 0.04375
0 0.61640625 0.678125 0.01484375 0.0359375
0 0.66484375 0.6171875 0.0171875 0.04375
0 0.575 0.56953125 0.01796875 0.04609375
0 0.6546875 0.55625 0.01640625 0.046875
0 0.58046875 0.453125 0.0125 0.040625
0 0.5765625 0.371875 0.0125 0.0421875
0 0.65078125 0.16015625 0.01484375 0.03984375
0 0.50859375 0.55625 0.015625 0.0453125
0 0.46875 0.86875 0.01328125 0.04609375
0 0.46875 0.11015625 0.02265625 0.034375
0 0.47421875 0.04921875 0.02421875 0.025