0 0.884375 0.259375 0.01796875 0.034375
0 0.6 0.86796875 0.01328125 0.0421875
0 0.634375 0.8765625 0.01640625 0.03828125
0 0.68203125 0.86328125 0.015625 0.0390625
0 0.65859375 0.746875 0.0171875 0.0453125
0 0.7375 0.675 0.0125 0.04375
0 0.80078125 0.690625 0.02890625 0.021875
0 0.759375 0.77109375 0.01953125 0.03984375
0 0.74765625 0.846875 0.01953125 0.03828125
0 0.85625 0.91328125 0.025 0.03828125
0 0.80859375 0.928125 0.01484375 0.0359375
0 0.753125 0.9390625 0.02890625 0.03046875
0 0.73046875 0.8953125 0.0140625 0.0453125
0 0.71953125 0.94375 0.0265625 0.03984375
0 0.67734375 0.93515625 0.0296875 0.02890625
0 0.7484375 0.603125 0.0203125 0.04375
0 0.971875 0.5828125 0.01640625 0.03984375
0 0.9625 0.6421875 0.03046875 0.0296875
0 0.75859375 0.984375 0.021875 0.0296875