0 0.115625 0.740625 0.01796875 0.034375
0 0.4 0.13203125 0.01328125 0.0421875
0 0.365625 0.1234375 0.01640625 0.03828125
0 0.31796875 0.13671875 0.015625 0.0390625
0 0.34140625 0.253125 0.0171875 0.0453125
0 0.2625 0.325 0.0125 0.04375
0 0.19921875 0.309375 0.02890625 0.021875
0 0.240625 0.22890625 0.01953125 0.03984375
0 0.25234375 0.153125 0.01953125 0.03828125
0 0.14375 0.08671875 0.025 0.03828125
0 0.19140625 0.071875 0.01484375 0.0359375
0 0.246875 0.0609375 0.02890625 0.03046875
0 0.26953125 0.1046875 0.0140625 0.0453125
0 0.28046875 0.05625 0.0265625 0.03984375
0 0.32265625 0.06484375 0.0296875 0.02890625
0 0.2515625 0.396875 0.0203125 0.04375
0 0.028125 0.4171875 0.01640625 0.03984375
0 0.0375 0.3578125 0.03046875 0.0296875
0 0.24140625 0.015625 0.021875 0.0296875