0 0.9375 0.1109375 0.0203125 0.03984375
0 0.87578125 0.13359375 0.02890625 0.02734375
0 0.78359375 0.20390625 0.02578125 0.03125
0 0.865625 0.2609375 0.01953125 0.0375
0 0.928125 0.2796875 0.02265625 0.03515625
0 0.95703125 0.328125 0.015625 0.04140625
0 0.825 0.26015625 0.021875 0.02109375
0 0.771875 0.35703125 0.0203125 0.03125
0 0.80703125 0.346875 0.0140625 0.0390625
0 0.86171875 0.3296875 0.01875 0.040625
0 0.896875 0.3515625 0.01484375 0.03984375
0 0.934375 0.3578125 0.025 0.028125
0 0.83046875 0.30390625 0.0265625 0.0203125
0 0.84375 0.2890625 0.021875 0.03125
0 0.95859375 0.41015625 0.0203125 0.0375
0 0.9234375 0.46015625 0.01953125 0.0390625
0 0.80390625 0.5328125 0.015625 0.040625
0 0.91015625 0.3828125 0.015625 0.0421875
0 0.9078125 0.61796875 0.0234375 0.0390625
0 0.9609375 0.52734375 0.01953125 0.0203125
0 0.97421875 0.528125 0.015625 0.034375