0 0.4921875 0.5984375 0.0296875 0.03828125
0 0.46484375 0.51484375 0.025 0.0375
0 0.30234375 0.55859375 0.04140625 0.0265625
0 0.25546875 0.52734375 0.04140625 0.03828125
0 0.203125 0.61328125 0.03046875 0.0328125
0 0.1453125 0.63125 0.04296875 0.0296875
0 0.1515625 0.55 0.04765625 0.02421875
0 0.03125 0.55 0.034375 0.0359375
0 0.02890625 0.453125 0.034375 0.0265625
0 0.2515625 0.3984375 0.0421875 0.03203125
0 0.3453125 0.38828125 0.0265625 0.03671875
0 0.2328125 0.2921875 0.01953125 0.05625
0 0.15859375 0.36484375 0.03515625 0.03125
0 0.125 0.3734375 0.0421875 0.04140625
0 0.08046875 0.36796875 0.04296875 0.0328125
0 0.14296875 0.303125 0.03203125 0.05234375
0 0.084375 0.2921875 0.0390625 0.04296875
0 0.225 0.2015625 0.04140625 0.02578125
0 0.29765625 0.17265625 0.0359375 0.02890625
0 0.3078125 0.06171875 0.0390625 0.03671875
0 0.240625 0.04921875 0.0453125 0.0296875
0 0.2046875 0.12109375 0.03515625 0.028125
0 0.1625 0.121875 0.03984375 0.0265625
0 0.14921875 0.08203125 0.04296875 0.03828125
0 0.0703125 0.171875 0.025 0.05859375
0 0.0265625 0.22734375 0.03125 0.04296875
0 0.0296875 0.17890625 0.03203125 0.04609375
0 0.6078125 0.39375 0.03984375 0.0234375
0 0.4796875 0.31953125 0.03359375 0.03671875
0 0.38359375 0.07265625 0.0234375 0.03359375
0 0.48125 0.0203125 0.02578125 0.03984375
0 0.3953125 0.02265625 0.03359375 0.04375