0 0.81328125 0.11171875 0.0203125 0.04375
0 0.575 0.16875 0.0140625 0.04453125
0 0.5671875 0.2171875 0.01640625 0.04765625
0 0.58359375 0.378125 0.01953125 0.05390625
0 0.521875 0.4390625 0.01875 0.04375
0 0.65546875 0.4640625 0.01640625 0.0375
0 0.68671875 0.49921875 0.0125 0.0421875
0 0.621875 0.528125 0.01015625 0.03984375
0 0.63828125 0.54921875 0.01328125 0.02734375
0 0.62578125 0.63984375 0.0125 0.04453125
0 0.67890625 0.6546875 0.01328125 0.0453125
0 0.68671875 0.74765625 0.01328125 0.04765625
0 0.6640625 0.79609375 0.01328125 0.0453125
0 0.63515625 0.7515625 0.01328125 0.03984375
0 0.70546875 0.8796875 0.01328125 0.04609375
0 0.503125 0.7375 0.0171875 0.04453125