0 0.7984375 0.575 0.01171875 0.0375
0 0.76796875 0.74921875 0.01953125 0.03046875
0 0.80390625 0.76015625 0.01484375 0.04140625
0 0.81796875 0.8453125 0.025 0.0203125
0 0.8578125 0.771875 0.01875 0.0359375
0 0.92421875 0.82734375 0.02265625 0.0375
0 0.953125 0.69296875 0.0203125 0.03203125
0 0.953125 0.778125 0.0171875 0.04140625
0 0.9046875 0.72109375 0.01484375 0.040625
0 0.9296875 0.74453125 0.01953125 0.0359375
0 0.91875 0.64375 0.021875 0.03828125
0 0.90390625 0.48671875 0.0234375 0.03828125
0 0.95703125 0.5765625 0.01875 0.02109375
0 0.96875 0.575 0.01640625 0.02890625
0 0.86640625 0.84140625 0.02421875 0.0390625
0 0.82578125 0.80546875 0.02578125 0.01875
0 0.84375 0.80859375 0.02421875 0.03046875
0 0.77734375 0.9015625 0.02265625 0.02890625
0 0.871875 0.97109375 0.028125 0.02265625
0 0.93125 0.98671875 0.0140625 0.02578125