0 0.7875 0.36484375 0.01640625 0.04609375
0 0.71796875 0.3703125 0.02265625 0.0375
0 0.8203125 0.37578125 0.03046875 0.02109375
0 0.85546875 0.39765625 0.03125 0.021875
0 0.81953125 0.446875 0.01953125 0.0453125
0 0.76484375 0.41796875 0.01953125 0.04609375
0 0.7734375 0.4640625 0.021875 0.034375
0 0.8828125 0.56171875 0.015625 0.03828125
0 0.75703125 0.54296875 0.02734375 0.02734375
0 0.725 0.546875 0.01640625 0.0421875
0 0.809375 0.66875 0.0203125 0.04296875
0 0.771875 0.65390625 0.01796875 0.040625
0 0.70546875 0.646875 0.015625 0.0421875
0 0.7828125 0.7265625 0.01953125 0.040625
0 0.92734375 0.7796875 0.01796875 0.04140625
0 0.82265625 0.80234375 0.03125 0.0234375
0 0.76328125 0.78359375 0.0140625 0.040625
0 0.684375 0.75 0.0140625 0.053125
0 0.65625 0.63125 0.01640625 0.04375
0 0.63203125 0.6140625 0.021875 0.03984375
0 0.77421875 0.890625 0.02421875 0.03046875
0 0.9859375 0.83515625 0.02421875 0.03125
0 0.9921875 0.8953125 0.015625 0.03671875