0 0.38828125 0.81796875 0.03046875 0.04375
0 0.575 0.5875 0.04140625 0.02890625
0 0.6671875 0.77265625 0.03359375 0.04765625
0 0.67109375 0.878125 0.02734375 0.0671875
0 0.790625 0.684375 0.034375 0.0453125
0 0.765625 0.49921875 0.04375 0.02265625
0 0.66015625 0.50546875 0.0375 0.0234375
0 0.7125 0.37578125 0.03515625 0.04140625
0 0.7671875 0.46171875 0.0421875 0.034375
0 0.86328125 0.40625 0.03671875 0.04296875
0 0.828125 0.3765625 0.03984375 0.02890625
0 0.9109375 0.35 0.03984375 0.03046875
0 0.965625 0.36328125 0.04296875 0.02265625
0 0.75703125 0.3703125 0.0328125 0.03828125
0 0.77421875 0.26875 0.03828125 0.028125
0 0.46484375 0.3609375 0.0359375 0.04609375
0 0.40234375 0.32109375 0.03671875 0.03203125
0 0.5296875 0.334375 0.0359375 0.03984375
0 0.58203125 0.275 0.03828125 0.03203125
0 0.540625 0.2453125 0.03984375 0.021875
0 0.453125 0.22734375 0.03671875 0.040625
0 0.3859375 0.16015625 0.03984375 0.0359375
0 0.58046875 0.2234375 0.034375 0.0375
0 0.61796875 0.18046875 0.03828125 0.02890625
0 0.64296875 0.15546875 0.03046875 0.0453125
0 0.46640625 0.10546875 0.03671875 0.0328125
0 0.5015625 0.065625 0.04375 0.028125
0 0.571875 0.08203125 0.040625 0.03125
0 0.71015625 0.25 0.03984375 0.0265625
0 0.7171875 0.13125 0.0375 0.03046875
0 0.75078125 0.06328125 0.0390625 0.04140625
0 0.81640625 0.190625 0.0296875 0.03984375
0 0.84609375 0.17890625 0.0390625 0.03359375
0 0.04765625 0.1640625 0.0375 0.03515625
0 0.09765625 0.0984375 0.03828125 0.0484375