0 0.39921875 0.121875 0.0265625 0.025
0 0.459375 0.175 0.02109375 0.03671875
0 0.3734375 0.23359375 0.02421875 0.02578125
0 0.5265625 0.39609375 0.025 0.02890625
0 0.51875 0.4484375 0.03046875 0.02265625
0 0.41953125 0.58828125 0.0140625 0.04140625
0 0.496875 0.68125 0.0140625 0.04609375
0 0.46640625 0.728125 0.01640625 0.04921875
0 0.403125 0.6890625 0.0140625 0.046875
0 0.3359375 0.66875 0.0203125 0.03671875
0 0.34765625 0.76484375 0.01328125 0.05078125
0 0.40390625 0.82109375 0.01640625 0.04375
0 0.5015625 0.82265625 0.01640625 0.04765625
0 0.15546875 0.7703125 0.01875 0.0390625
0 0.32734375 0.940625 0.0140625 0.0421875
0 0.3765625 0.921875 0.0171875 0.04453125
0 0.3140625 0.43671875 0.01953125 0.0359375
0 0.09609375 0.53046875 0.01953125 0.03671875
0 0.51015625 0.98125 0.0171875 0.0359375