0 0.88515625 0.03515625 0.0234375 0.0421875
0 0.63203125 0.03203125 0.015625 0.04296875
0 0.82265625 0.2796875 0.0171875 0.0421875
0 0.57578125 0.2765625 0.015625 0.03984375
0 0.575 0.3375 0.01640625 0.0453125
0 0.584375 0.484375 0.0140625 0.05078125
0 0.65234375 0.5125 0.01640625 0.05234375
0 0.678125 0.56171875 0.01640625 0.04609375
0 0.621875 0.609375 0.0171875 0.0453125
0 0.6171875 0.69453125 0.0171875 0.04609375
0 0.640625 0.675 0.015625 0.03984375
0 0.67109375 0.73125 0.015625 0.046875
0 0.69921875 0.803125 0.01484375 0.04765625
0 0.63359375 0.8265625 0.0140625 0.04375
0 0.67734375 0.86796875 0.01953125 0.04296875
0 0.71953125 0.925 0.01875 0.04296875
0 0.5140625 0.49921875 0.0171875 0.05078125
0 0.484375 0.80859375 0.015625 0.04765625