0 0.01796875 0.74765625 0.01953125 0.0421875
0 0.021875 0.68671875 0.02421875 0.034375
0 0.18671875 0.646875 0.03046875 0.02109375
0 0.2375 0.73515625 0.02421875 0.040625
0 0.24609375 0.62421875 0.01328125 0.04140625
0 0.32734375 0.58515625 0.02109375 0.040625
0 0.22734375 0.56640625 0.01875 0.03828125
0 0.09609375 0.52109375 0.021875 0.0390625
0 0.2359375 0.49609375 0.015625 0.0390625
0 0.19765625 0.49375 0.01953125 0.04140625
0 0.303125 0.4796875 0.0171875 0.034375
0 0.35 0.46875 0.015625 0.05078125
0 0.3765625 0.4515625 0.01953125 0.03984375
0 0.284375 0.3875 0.02265625 0.03671875
0 0.25078125 0.38203125 0.02734375 0.03125
0 0.2296875 0.31953125 0.01953125 0.03203125
0 0.2828125 0.215625 0.02265625 0.04140625
0 0.24296875 0.2578125 0.0171875 0.03671875
0 0.1875 0.2875 0.0171875 0.04609375
0 0.21640625 0.2109375 0.01484375 0.0453125
0 0.17890625 0.23515625 0.02890625 0.021875
0 0.18828125 0.2234375 0.02421875 0.0359375
0 0.125 0.40625 0.0171875 0.0359375