0 0.38046875 0.9390625 0.02578125 0.02734375
0 0.5265625 0.71875 0.02265625 0.02734375
0 0.52109375 0.778125 0.02421875 0.02734375
0 0.4640625 0.98828125 0.01953125 0.02265625
0 0.49921875 0.384375 0.015625 0.0453125
0 0.44453125 0.35078125 0.01875 0.04765625
0 0.4546875 0.20703125 0.0171875 0.04296875
0 0.53046875 0.0796875 0.0140625 0.04453125
0 0.33359375 0.70078125 0.01796875 0.0359375
0 0.10234375 0.634375 0.02109375 0.0359375
0 0.1625 0.39296875 0.01640625 0.04140625
0 0.3515625 0.40546875 0.0171875 0.04375
0 0.4109375 0.4296875 0.01328125 0.040625
0 0.4234375 0.5234375 0.01171875 0.040625
0 0.3421875 0.31640625 0.01328125 0.04609375
0 0.39609375 0.25234375 0.0140625 0.03984375
0 0.37109375 0.15625 0.0125 0.046875
0 0.32890625 0.1234375 0.01484375 0.04296875
0 0.36328125 0.04375 0.0140625 0.03984375