0 0.05625 0.7125 0.0171875 0.0375
0 0.1171875 0.6890625 0.02890625 0.02109375
0 0.21015625 0.61875 0.025 0.02578125
0 0.06484375 0.54375 0.02421875 0.034375
0 0.1296875 0.565625 0.0171875 0.03671875
0 0.13359375 0.4953125 0.0203125 0.03203125
0 0.0375 0.4953125 0.015625 0.0375
0 0.0609375 0.47265625 0.028125 0.01875
0 0.08515625 0.4421875 0.0140625 0.03828125
0 0.18828125 0.478125 0.01484375 0.0390625
0 0.1640625 0.52109375 0.02890625 0.01796875
0 0.16875 0.56640625 0.02109375 0.021875
0 0.2234375 0.4671875 0.0203125 0.028125
0 0.09765625 0.47265625 0.0125 0.03515625
0 0.1515625 0.55 0.025 0.034375
0 0.07109375 0.3640625 0.01875 0.03671875
0 0.19296875 0.29296875 0.01171875 0.03828125
0 0.090625 0.20859375 0.01796875 0.03984375
0 0.0375 0.41328125 0.0203125 0.03359375
0 0.03359375 0.3 0.01953125 0.01953125
0 0.028125 0.2921875 0.01953125 0.0359375