0 0.58984375 0.22421875 0.0328125 0.03203125
0 0.46015625 0.2984375 0.0359375 0.04296875
0 0.47265625 0.01953125 0.03125 0.0375
0 0.44296875 0.10390625 0.0265625 0.05
0 0.321875 0.23203125 0.02890625 0.04375
0 0.2796875 0.06015625 0.04296875 0.0265625
0 0.23515625 0.0953125 0.03984375 0.03359375
0 0.23828125 0.21328125 0.0375 0.046875
0 0.15546875 0.0625 0.0453125 0.03125
0 0.18203125 0.26875 0.0421875 0.03125
0 0.20859375 0.3140625 0.0265625 0.046875
0 0.1328125 0.28046875 0.0375 0.05
0 0.06171875 0.25234375 0.0359375 0.0484375
0 0.0609375 0.31796875 0.03984375 0.034375
0 0.2265625 0.40078125 0.034375 0.04140625
0 0.29296875 0.42265625 0.03359375 0.04375
0 0.22265625 0.4859375 0.04296875 0.02265625
0 0.17421875 0.4796875 0.04140625 0.03046875
0 0.1328125 0.52578125 0.03671875 0.04609375
0 0.02734375 0.54296875 0.04296875 0.0265625
0 0.04453125 0.440625 0.02109375 0.06015625
0 0.23125 0.56015625 0.04453125 0.021875
0 0.29453125 0.540625 0.04296875 0.0265625
0 0.26015625 0.60390625 0.034375 0.0546875
0 0.3703125 0.58828125 0.03671875 0.03984375
0 0.45625 0.5953125 0.025 0.046875
0 0.4703125 0.6375 0.03046875 0.04140625
0 0.3828125 0.675 0.028125 0.05625
0 0.43671875 0.7 0.040625 0.021875
0 0.471875 0.790625 0.0171875 0.05703125
0 0.3140625 0.67265625 0.01875 0.06640625
0 0.240625 0.7046875 0.03984375 0.04609375
0 0.3 0.7640625 0.04140625 0.02578125
0 0.1859375 0.6765625 0.02890625 0.05546875
0 0.11484375 0.64453125 0.03828125 0.04296875
0 0.109375 0.7234375 0.02890625 0.059375
0 0.01796875 0.67734375 0.0234375 0.05546875
0 0.04296875 0.628125 0.040625 0.04375
0 0.04609375 0.8296875 0.03984375 0.03671875
0 0.23046875 0.8671875 0.03984375 0.03515625
0 0.13203125 0.8625 0.021875 0.05390625
0 0.07578125 0.89921875 0.02421875 0.0625
0 0.09609375 0.93046875 0.0390625 0.0421875
0 0.1234375 0.346875 0.02578125 0.04765625
0 0.35859375 0.5359375 0.03671875 0.034375
0 0.3734375 0.81171875 0.0203125 0.0484375
0 0.596875 0.63984375 0.04140625 0.0296875