0 0.39296875 0.34140625 0.03828125 0.01796875
0 0.5484375 0.33984375 0.03203125 0.04375
0 0.56015625 0.3 0.02734375 0.05390625
0 0.5796875 0.40078125 0.03671875 0.02421875
0 0.634375 0.3796875 0.0265625 0.05234375
0 0.646875 0.2953125 0.0359375 0.03203125
0 0.7 0.37421875 0.025 0.05390625
0 0.6984375 0.4671875 0.040625 0.0328125
0 0.7546875 0.30546875 0.03125 0.04140625
0 0.775 0.41171875 0.03984375 0.04296875
0 0.83125 0.38359375 0.02734375 0.04765625
0 0.93359375 0.32578125 0.0390625 0.0296875
0 0.91875 0.37265625 0.03515625 0.0421875
0 0.90703125 0.43359375 0.0296875 0.0484375
0 0.64921875 0.2359375 0.03984375 0.0265625
0 0.696875 0.24609375 0.03984375 0.03203125
0 0.7234375 0.140625 0.028125 0.04921875
0 0.76171875 0.21328125 0.04296875 0.02734375
0 0.82265625 0.190625 0.03828125 0.03203125
0 0.771875 0.09375 0.040625 0.0421875
0 0.81015625 0.0375 0.02265625 0.0609375
0 0.89921875 0.0921875 0.02421875 0.0625
0 0.959375 0.04296875 0.03359375 0.05234375
0 0.88671875 0.2421875 0.03828125 0.05
0 0.77734375 0.26875 0.03203125 0.0265625
0 0.9734375 0.15703125 0.0265625 0.05625
0 0.97421875 0.275 0.02890625 0.0640625
0 0.5421875 0.4890625 0.0171875 0.05546875
0 0.6390625 0.51875 0.02265625 0.03828125
0 0.7828125 0.5734375 0.03515625 0.0375
0 0.88515625 0.56875 0.021875 0.0515625
0 0.93828125 0.6046875 0.0234375 0.04921875
0 0.96875 0.53671875 0.040625 0.040625
0 0.91171875 0.646875 0.028125 0.05625
0 0.85625 0.7125 0.03359375 0.04296875
0 0.91171875 0.76484375 0.02109375 0.06640625