0 0.9515625 0.471875 0.01953125 0.0375
0 0.89296875 0.44765625 0.0296875 0.0234375
0 0.79921875 0.375 0.0265625 0.03125
0 0.88125 0.33828125 0.02578125 0.0265625
0 0.784375 0.22421875 0.02109375 0.02734375
0 0.82109375 0.23359375 0.01328125 0.0421875
0 0.87578125 0.253125 0.0203125 0.03671875
0 0.91015625 0.23046875 0.015625 0.03828125
0 0.94296875 0.3 0.025 0.02890625
0 0.83984375 0.325 0.0234375 0.01953125
0 0.8453125 0.28046875 0.03125 0.01796875
0 0.97109375 0.2546875 0.015625 0.03515625
0 0.85859375 0.30546875 0.025 0.0234375
0 0.9484375 0.23125 0.028125 0.02109375
0 0.971875 0.17578125 0.0171875 0.0359375
0 0.92421875 0.2046875 0.015625 0.0359375
0 0.93828125 0.12578125 0.01953125 0.0375
0 0.975 0.06640625 0.01953125 0.021875
0 0.9625 0.034375 0.0265625 0.028125
0 0.815625 0.05 0.01328125 0.03828125