0 0.615625 0.18125 0.0375 0.02265625
0 0.48203125 0.296875 0.02265625 0.04765625
0 0.49765625 0.103125 0.0375 0.0375
0 0.3609375 0.1734375 0.03515625 0.0359375
0 0.259375 0.1671875 0.040625 0.03671875
0 0.27578125 0.30234375 0.03984375 0.0265625
0 0.31640625 0.33984375 0.0359375 0.02265625
0 0.14765625 0.321875 0.04921875 0.0296875
0 0.15390625 0.16015625 0.040625 0.025
0 0.1171875 0.1703125 0.040625 0.0421875
0 0.0859375 0.14453125 0.04140625 0.0328125
0 0.04921875 0.225 0.0328125 0.0484375
0 0.04296875 0.3265625 0.0421875 0.0234375
0 0.25625 0.07265625 0.0203125 0.0625
0 0.1578125 0.09921875 0.03046875 0.06171875
0 0.1078125 0.06640625 0.0375 0.05234375
0 0.03515625 0.10859375 0.03828125 0.03125
0 0.04140625 0.07421875 0.0328125 0.03671875
0 0.0171875 0.05859375 0.02734375 0.0546875
0 0.509375 0.38515625 0.03125 0.04140625
0 0.22109375 0.39375 0.034375 0.0328125
0 0.12109375 0.38203125 0.04296875 0.03984375