0 0.47578125 0.29296875 0.015625 0.04765625
0 0.3890625 0.3859375 0.02265625 0.04140625
0 0.4203125 0.16953125 0.015625 0.03984375
0 0.31875 0.35234375 0.0125 0.04140625
0 0.3 0.40390625 0.0125 0.04140625
0 0.3625 0.34296875 0.0171875 0.0390625
0 0.29765625 0.54609375 0.01484375 0.04765625
0 0.3640625 0.54921875 0.015625 0.04296875
0 0.35546875 0.61484375 0.01875 0.04140625
0 0.4375 0.590625 0.02109375 0.04140625
0 0.3109375 0.70390625 0.0171875 0.04453125
0 0.2703125 0.71953125 0.0203125 0.04140625
0 0.2515625 0.83203125 0.01875 0.04375
0 0.1515625 0.98671875 0.03203125 0.02578125