0 0.190625 0.48984375 0.021875 0.04140625
0 0.22734375 0.57890625 0.0203125 0.04375
0 0.26640625 0.60546875 0.02109375 0.03828125
0 0.2578125 0.7078125 0.01875 0.04140625
0 0.290625 0.6578125 0.01953125 0.0359375
0 0.35546875 0.69609375 0.015625 0.0375
0 0.29296875 0.68984375 0.02578125 0.04453125
0 0.27421875 0.7875 0.0234375 0.034375
0 0.2828125 0.8359375 0.01875 0.0375
0 0.3296875 0.82265625 0.0203125 0.03359375
0 0.3484375 0.97890625 0.01640625 0.0390625
0 0.02109375 0.2984375 0.02578125 0.04140625