0 0.61328125 0.12734375 0.0421875 0.0296875
0 0.71015625 0.2046875 0.03515625 0.02734375
0 0.7875 0.2265625 0.03984375 0.02890625
0 0.79453125 0.2640625 0.034375 0.0296875
0 0.73203125 0.35390625 0.034375 0.0421875
0 0.7796875 0.36328125 0.028125 0.0390625
0 0.5796875 0.3671875 0.0359375 0.03828125
0 0.51015625 0.340625 0.0375 0.0375
0 0.4515625 0.39140625 0.04453125 0.03125
0 0.50703125 0.46484375 0.0359375 0.0375
0 0.621875 0.43984375 0.040625 0.0265625
0 0.62890625 0.48046875 0.03203125 0.0390625
0 0.584375 0.48515625 0.03671875 0.03046875
0 0.74765625 0.4796875 0.04140625 0.0296875
0 0.6703125 0.54765625 0.04296875 0.0203125
0 0.45703125 0.53984375 0.04375 0.028125
0 0.5234375 0.61171875 0.0375 0.0328125
0 0.546875 0.66171875 0.04609375 0.02734375
0 0.60625 0.66484375 0.0390625 0.03125
0 0.76015625 0.60234375 0.0390625 0.025
0 0.778125 0.6703125 0.0375 0.03984375
0 0.678125 0.6046875 0.03515625 0.03984375
0 0.45 0.70625 0.03828125 0.03046875
0 0.44453125 0.809375 0.03671875 0.028125
0 0.5390625 0.86953125 0.0359375 0.0296875
0 0.50078125 0.94453125 0.040625 0.02578125
0 0.66015625 0.784375 0.03515625 0.0265625
0 0.7421875 0.73984375 0.03359375 0.028125
0 0.81015625 0.78515625 0.03828125 0.02734375
0 0.7546875 0.81796875 0.03984375 0.03125
0 0.7203125 0.82421875 0.03828125 0.0265625
0 0.65234375 0.92890625 0.03671875 0.04140625
0 0.6890625 0.93359375 0.040625 0.03203125
0 0.95546875 0.77421875 0.046875 0.03125
0 0.8375 0.5421875 0.028125 0.0421875
0 0.88671875 0.54375 0.04609375 0.0390625
0 0.953125 0.54921875 0.0390625 0.03359375
0 0.825 0.46640625 0.0375 0.02421875
0 0.85 0.35 0.04140625 0.025
0 0.88515625 0.3203125 0.0390625 0.04296875
0 0.93515625 0.37890625 0.03828125 0.02578125
0 0.07890625 0.575 0.04296875 0.03359375
0 0.14296875 0.6140625 0.05078125 0.0296875
0 0.1796875 0.85078125 0.04375 0.02890625
0 0.23046875 0.8578125 0.0453125 0.03203125
0 0.18984375 0.94921875 0.04296875 0.02734375
0 0.075 0.81953125 0.04296875 0.03203125
0 0.10390625 0.83828125 0.04296875 0.0390625
0 0.0296875 0.928125 0.05 0.03671875
0 0.01953125 0.8734375 0.0328125 0.046875