0 0.41015625 0.77578125 0.0328125 0.03203125
0 0.53984375 0.7015625 0.0359375 0.04296875
0 0.52734375 0.98046875 0.03125 0.0375
0 0.55703125 0.89609375 0.0265625 0.05
0 0.678125 0.76796875 0.02890625 0.04375
0 0.7203125 0.93984375 0.04296875 0.0265625
0 0.76484375 0.9046875 0.03984375 0.03359375
0 0.76171875 0.78671875 0.0375 0.046875
0 0.84453125 0.9375 0.0453125 0.03125
0 0.81796875 0.73125 0.0421875 0.03125
0 0.79140625 0.6859375 0.0265625 0.046875
0 0.8671875 0.71953125 0.0375 0.05
0 0.93828125 0.74765625 0.0359375 0.0484375
0 0.9390625 0.68203125 0.03984375 0.034375
0 0.7734375 0.59921875 0.034375 0.04140625
0 0.70703125 0.57734375 0.03359375 0.04375
0 0.77734375 0.5140625 0.04296875 0.02265625
0 0.82578125 0.5203125 0.04140625 0.03046875
0 0.8671875 0.47421875 0.03671875 0.04609375
0 0.97265625 0.45703125 0.04296875 0.0265625
0 0.95546875 0.559375 0.02109375 0.06015625
0 0.76875 0.43984375 0.04453125 0.021875
0 0.70546875 0.459375 0.04296875 0.0265625
0 0.73984375 0.39609375 0.034375 0.0546875
0 0.6296875 0.41171875 0.03671875 0.03984375
0 0.54375 0.4046875 0.025 0.046875
0 0.5296875 0.3625 0.03046875 0.04140625
0 0.6171875 0.325 0.028125 0.05625
0 0.56328125 0.3 0.040625 0.021875
0 0.528125 0.209375 0.0171875 0.05703125
0 0.6859375 0.32734375 0.01875 0.06640625
0 0.759375 0.2953125 0.03984375 0.04609375
0 0.7 0.2359375 0.04140625 0.02578125
0 0.8140625 0.3234375 0.02890625 0.05546875
0 0.88515625 0.35546875 0.03828125 0.04296875
0 0.890625 0.2765625 0.02890625 0.059375
0 0.98203125 0.32265625 0.0234375 0.05546875
0 0.95703125 0.371875 0.040625 0.04375
0 0.95390625 0.1703125 0.03984375 0.03671875
0 0.76953125 0.1328125 0.03984375 0.03515625
0 0.86796875 0.1375 0.021875 0.05390625
0 0.92421875 0.10078125 0.02421875 0.0625
0 0.90390625 0.06953125 0.0390625 0.0421875
0 0.8765625 0.653125 0.02578125 0.04765625
0 0.64140625 0.4640625 0.03671875 0.034375
0 0.6265625 0.18828125 0.0203125 0.0484375
0 0.403125 0.36015625 0.04140625 0.0296875