0 0.1875 0.090625 0.03125 0.07421875
0 0.11640625 0.11875 0.03359375 0.03359375
0 0.16953125 0.22578125 0.0453125 0.02890625
0 0.08671875 0.21640625 0.0359375 0.034375
0 0.09453125 0.2578125 0.0328125 0.0453125
0 0.0703125 0.30859375 0.03984375 0.0375
0 0.02265625 0.28359375 0.0453125 0.0328125
0 0.090625 0.53671875 0.05234375 0.0359375
0 0.09375 0.65078125 0.046875 0.03828125
0 0.01953125 0.58515625 0.0390625 0.03984375
0 0.1328125 0.71171875 0.0453125 0.02734375
0 0.69453125 0.7046875 0.04921875 0.03125
0 0.08125 0.8046875 0.05390625 0.028125