0 0.61953125 0.0609375 0.02578125 0.02734375
0 0.4734375 0.28125 0.02265625 0.02734375
0 0.47890625 0.221875 0.02421875 0.02734375
0 0.5359375 0.01171875 0.01953125 0.02265625
0 0.50078125 0.615625 0.015625 0.0453125
0 0.55546875 0.64921875 0.01875 0.04765625
0 0.5453125 0.79296875 0.0171875 0.04296875
0 0.46953125 0.9203125 0.0140625 0.04453125
0 0.66640625 0.29921875 0.01796875 0.0359375
0 0.89765625 0.365625 0.02109375 0.0359375
0 0.8375 0.60703125 0.01640625 0.04140625
0 0.6484375 0.59453125 0.0171875 0.04375
0 0.5890625 0.5703125 0.01328125 0.040625
0 0.5765625 0.4765625 0.01171875 0.040625
0 0.6578125 0.68359375 0.01328125 0.04609375
0 0.60390625 0.74765625 0.0140625 0.03984375
0 0.62890625 0.84375 0.0125 0.046875
0 0.67109375 0.8765625 0.01484375 0.04296875
0 0.63671875 0.95625 0.0140625 0.03984375