0 0.18671875 0.88828125 0.0203125 0.04375
0 0.425 0.83125 0.0140625 0.04453125
0 0.4328125 0.7828125 0.01640625 0.04765625
0 0.41640625 0.621875 0.01953125 0.05390625
0 0.478125 0.5609375 0.01875 0.04375
0 0.34453125 0.5359375 0.01640625 0.0375
0 0.31328125 0.50078125 0.0125 0.0421875
0 0.378125 0.471875 0.01015625 0.03984375
0 0.36171875 0.45078125 0.01328125 0.02734375
0 0.37421875 0.36015625 0.0125 0.04453125
0 0.32109375 0.3453125 0.01328125 0.0453125
0 0.31328125 0.25234375 0.01328125 0.04765625
0 0.3359375 0.20390625 0.01328125 0.0453125
0 0.36484375 0.2484375 0.01328125 0.03984375
0 0.29453125 0.1203125 0.01328125 0.04609375
0 0.496875 0.2625 0.0171875 0.04453125