0 0.38671875 0.87265625 0.0421875 0.0296875
0 0.28984375 0.7953125 0.03515625 0.02734375
0 0.2125 0.7734375 0.03984375 0.02890625
0 0.20546875 0.7359375 0.034375 0.0296875
0 0.26796875 0.64609375 0.034375 0.0421875
0 0.2203125 0.63671875 0.028125 0.0390625
0 0.4203125 0.6328125 0.0359375 0.03828125
0 0.48984375 0.659375 0.0375 0.0375
0 0.5484375 0.60859375 0.04453125 0.03125
0 0.49296875 0.53515625 0.0359375 0.0375
0 0.378125 0.56015625 0.040625 0.0265625
0 0.37109375 0.51953125 0.03203125 0.0390625
0 0.415625 0.51484375 0.03671875 0.03046875
0 0.25234375 0.5203125 0.04140625 0.0296875
0 0.3296875 0.45234375 0.04296875 0.0203125
0 0.54296875 0.46015625 0.04375 0.028125
0 0.4765625 0.38828125 0.0375 0.0328125
0 0.453125 0.33828125 0.04609375 0.02734375
0 0.39375 0.33515625 0.0390625 0.03125
0 0.23984375 0.39765625 0.0390625 0.025
0 0.221875 0.3296875 0.0375 0.03984375
0 0.321875 0.3953125 0.03515625 0.03984375
0 0.55 0.29375 0.03828125 0.03046875
0 0.55546875 0.190625 0.03671875 0.028125
0 0.4609375 0.13046875 0.0359375 0.0296875
0 0.49921875 0.05546875 0.040625 0.02578125
0 0.33984375 0.215625 0.03515625 0.0265625
0 0.2578125 0.26015625 0.03359375 0.028125
0 0.18984375 0.21484375 0.03828125 0.02734375
0 0.2453125 0.18203125 0.03984375 0.03125
0 0.2796875 0.17578125 0.03828125 0.0265625
0 0.34765625 0.07109375 0.03671875 0.04140625
0 0.3109375 0.06640625 0.040625 0.03203125
0 0.04453125 0.22578125 0.046875 0.03125
0 0.1625 0.4578125 0.028125 0.0421875
0 0.11328125 0.45625 0.04609375 0.0390625
0 0.046875 0.45078125 0.0390625 0.03359375
0 0.175 0.53359375 0.0375 0.02421875
0 0.15 0.65 0.04140625 0.025
0 0.11484375 0.6796875 0.0390625 0.04296875
0 0.06484375 0.62109375 0.03828125 0.02578125
0 0.92109375 0.425 0.04296875 0.03359375
0 0.85703125 0.3859375 0.05078125 0.0296875
0 0.8203125 0.14921875 0.04375 0.02890625
0 0.76953125 0.1421875 0.0453125 0.03203125
0 0.81015625 0.05078125 0.04296875 0.02734375
0 0.925 0.18046875 0.04296875 0.03203125
0 0.89609375 0.16171875 0.04296875 0.0390625
0 0.9703125 0.071875 0.05 0.03671875
0 0.98046875 0.1265625 0.0328125 0.046875