0 0.809375 0.51015625 0.021875 0.04140625
0 0.77265625 0.42109375 0.0203125 0.04375
0 0.73359375 0.39453125 0.02109375 0.03828125
0 0.7421875 0.2921875 0.01875 0.04140625
0 0.709375 0.3421875 0.01953125 0.0359375
0 0.64453125 0.30390625 0.015625 0.0375
0 0.70703125 0.31015625 0.02578125 0.04453125
0 0.72578125 0.2125 0.0234375 0.034375
0 0.7171875 0.1640625 0.01875 0.0375
0 0.6703125 0.17734375 0.0203125 0.03359375
0 0.6515625 0.02109375 0.01640625 0.0390625
0 0.97890625 0.7015625 0.02578125 0.04140625