0 0.11484375 0.03515625 0.0234375 0.0421875
0 0.36796875 0.03203125 0.015625 0.04296875
0 0.17734375 0.2796875 0.0171875 0.0421875
0 0.42421875 0.2765625 0.015625 0.03984375
0 0.425 0.3375 0.01640625 0.0453125
0 0.415625 0.484375 0.0140625 0.05078125
0 0.34765625 0.5125 0.01640625 0.05234375
0 0.321875 0.56171875 0.01640625 0.04609375
0 0.378125 0.609375 0.0171875 0.0453125
0 0.3828125 0.69453125 0.0171875 0.04609375
0 0.359375 0.675 0.015625 0.03984375
0 0.32890625 0.73125 0.015625 0.046875
0 0.30078125 0.803125 0.01484375 0.04765625
0 0.36640625 0.8265625 0.0140625 0.04375
0 0.32265625 0.86796875 0.01953125 0.04296875
0 0.28046875 0.925 0.01875 0.04296875
0 0.4859375 0.49921875 0.0171875 0.05078125
0 0.515625 0.80859375 0.015625 0.04765625