0 0.2125 0.36484375 0.01640625 0.04609375
0 0.28203125 0.3703125 0.02265625 0.0375
0 0.1796875 0.37578125 0.03046875 0.02109375
0 0.14453125 0.39765625 0.03125 0.021875
0 0.18046875 0.446875 0.01953125 0.0453125
0 0.23515625 0.41796875 0.01953125 0.04609375
0 0.2265625 0.4640625 0.021875 0.034375
0 0.1171875 0.56171875 0.015625 0.03828125
0 0.24296875 0.54296875 0.02734375 0.02734375
0 0.275 0.546875 0.01640625 0.0421875
0 0.190625 0.66875 0.0203125 0.04296875
0 0.228125 0.65390625 0.01796875 0.040625
0 0.29453125 0.646875 0.015625 0.0421875
0 0.2171875 0.7265625 0.01953125 0.040625
0 0.07265625 0.7796875 0.01796875 0.04140625
0 0.17734375 0.80234375 0.03125 0.0234375
0 0.23671875 0.78359375 0.0140625 0.040625
0 0.315625 0.75 0.0140625 0.053125
0 0.34375 0.63125 0.01640625 0.04375
0 0.36796875 0.6140625 0.021875 0.03984375
0 0.22578125 0.890625 0.02421875 0.03046875
0 0.0140625 0.83515625 0.02421875 0.03125
0 0.0078125 0.8953125 0.015625 0.03671875