0 0.6625 0.209375 0.0390625 0.028125
0 0.54765625 0.25078125 0.03984375 0.03046875
0 0.61953125 0.30234375 0.0421875 0.0234375
0 0.4109375 0.06328125 0.0375 0.028125
0 0.384375 0.175 0.0421875 0.025
0 0.31796875 0.2328125 0.03984375 0.02421875
0 0.290625 0.08671875 0.034375 0.0515625
0 0.36015625 0.31953125 0.04453125 0.02578125
0 0.21796875 0.28515625 0.0390625 0.02421875
0 0.21640625 0.16875 0.03828125 0.02109375
0 0.14140625 0.128125 0.046875 0.02734375
0 0.1515625 0.196875 0.03671875 0.02265625
0 0.1078125 0.20625 0.04609375 0.02109375
0 0.0578125 0.1390625 0.04375 0.03125
0 0.21328125 0.02578125 0.0375 0.03984375
0 0.15625 0.07109375 0.03515625 0.0484375