0 0.98203125 0.74765625 0.01953125 0.0421875
0 0.978125 0.68671875 0.02421875 0.034375
0 0.81328125 0.646875 0.03046875 0.02109375
0 0.7625 0.73515625 0.02421875 0.040625
0 0.75390625 0.62421875 0.01328125 0.04140625
0 0.67265625 0.58515625 0.02109375 0.040625
0 0.77265625 0.56640625 0.01875 0.03828125
0 0.90390625 0.52109375 0.021875 0.0390625
0 0.7640625 0.49609375 0.015625 0.0390625
0 0.80234375 0.49375 0.01953125 0.04140625
0 0.696875 0.4796875 0.0171875 0.034375
0 0.65 0.46875 0.015625 0.05078125
0 0.6234375 0.4515625 0.01953125 0.03984375
0 0.715625 0.3875 0.02265625 0.03671875
0 0.74921875 0.38203125 0.02734375 0.03125
0 0.7703125 0.31953125 0.01953125 0.03203125
0 0.7171875 0.215625 0.02265625 0.04140625
0 0.75703125 0.2578125 0.0171875 0.03671875
0 0.8125 0.2875 0.0171875 0.04609375
0 0.78359375 0.2109375 0.01484375 0.0453125
0 0.82109375 0.23515625 0.02890625 0.021875
0 0.81171875 0.2234375 0.02421875 0.0359375
0 0.875 0.40625 0.0171875 0.0359375