0 0.05625 0.2875 0.0171875 0.0375
0 0.1171875 0.3109375 0.02890625 0.02109375
0 0.21015625 0.38125 0.025 0.02578125
0 0.06484375 0.45625 0.02421875 0.034375
0 0.1296875 0.434375 0.0171875 0.03671875
0 0.13359375 0.5046875 0.0203125 0.03203125
0 0.0375 0.5046875 0.015625 0.0375
0 0.0609375 0.52734375 0.028125 0.01875
0 0.08515625 0.5578125 0.0140625 0.03828125
0 0.18828125 0.521875 0.01484375 0.0390625
0 0.1640625 0.47890625 0.02890625 0.01796875
0 0.16875 0.43359375 0.02109375 0.021875
0 0.2234375 0.5328125 0.0203125 0.028125
0 0.09765625 0.52734375 0.0125 0.03515625
0 0.1515625 0.45 0.025 0.034375
0 0.07109375 0.6359375 0.01875 0.03671875
0 0.19296875 0.70703125 0.01171875 0.03828125
0 0.090625 0.79140625 0.01796875 0.03984375
0 0.0375 0.58671875 0.0203125 0.03359375
0 0.03359375 0.7 0.01953125 0.01953125
0 0.028125 0.7078125 0.01953125 0.0359375