0 0.384375 0.81875 0.0375 0.02265625
0 0.51796875 0.703125 0.02265625 0.04765625
0 0.50234375 0.896875 0.0375 0.0375
0 0.6390625 0.8265625 0.03515625 0.0359375
0 0.740625 0.8328125 0.040625 0.03671875
0 0.72421875 0.69765625 0.03984375 0.0265625
0 0.68359375 0.66015625 0.0359375 0.02265625
0 0.85234375 0.678125 0.04921875 0.0296875
0 0.84609375 0.83984375 0.040625 0.025
0 0.8828125 0.8296875 0.040625 0.0421875
0 0.9140625 0.85546875 0.04140625 0.0328125
0 0.95078125 0.775 0.0328125 0.0484375
0 0.95703125 0.6734375 0.0421875 0.0234375
0 0.74375 0.92734375 0.0203125 0.0625
0 0.8421875 0.90078125 0.03046875 0.06171875
0 0.8921875 0.93359375 0.0375 0.05234375
0 0.96484375 0.89140625 0.03828125 0.03125
0 0.95859375 0.92578125 0.0328125 0.03671875
0 0.9828125 0.94140625 0.02734375 0.0546875
0 0.490625 0.61484375 0.03125 0.04140625
0 0.77890625 0.60625 0.034375 0.0328125
0 0.87890625 0.61796875 0.04296875 0.03984375