0 0.52421875 0.70703125 0.015625 0.04765625
0 0.6109375 0.6140625 0.02265625 0.04140625
0 0.5796875 0.83046875 0.015625 0.03984375
0 0.68125 0.64765625 0.0125 0.04140625
0 0.7 0.59609375 0.0125 0.04140625
0 0.6375 0.65703125 0.0171875 0.0390625
0 0.70234375 0.45390625 0.01484375 0.04765625
0 0.6359375 0.45078125 0.015625 0.04296875
0 0.64453125 0.38515625 0.01875 0.04140625
0 0.5625 0.409375 0.02109375 0.04140625
0 0.6890625 0.29609375 0.0171875 0.04453125
0 0.7296875 0.28046875 0.0203125 0.04140625
0 0.7484375 0.16796875 0.01875 0.04375
0 0.8484375 0.01328125 0.03203125 0.02578125