0 0.66640625 0.65 0.084375 0.07421875
0 0.9453125 0.73515625 0.06328125 0.05078125
0 0.63515625 0.55859375 0.10546875 0.12109375
0 0.76484375 0.6265625 0.08203125 0.0875
0 0.64296875 0.11328125 0.3609375 0.2171875
0 0.2953125 0.61875 0.08203125 0.11015625
0 0.86640625 0.7 0.05703125 0.06484375
0 0.62265625 0.71015625 0.05 0.05546875
0 0.5671875 0.69375 0.02421875 0.05390625
0 0.72578125 0.7421875 0.03984375 0.03828125
0 0.54140625 0.7390625 0.0421875 0.08515625
0 0.59140625 0.73984375 0.040625 0.0515625
0 0.88671875 0.7640625 0.03203125 0.03671875
0 0.82734375 0.73046875 0.04140625 0.04765625
0 0.49765625 0.75546875 0.0296875 0.05
0 0.8109375 0.77109375 0.03046875 0.03046875
0 0.78515625 0.74609375 0.0421875 0.053125
0 0.44140625 0.70234375 0.0171875 0.0484375
0 0.4703125 0.71796875 0.01640625 0.0390625
0 0.3765625 0.703125 0.01796875 0.04609375
0 0.3578125 0.69296875 0.03046875 0.04140625
0 0.32734375 0.6875 0.040625 0.05859375
0 0.3953125 0.72890625 0.0265625 0.05