0 0.66015625 0.44296875 0.27265625 0.328125
0 0.92109375 0.24453125 0.04765625 0.0515625
0 0.96640625 0.28828125 0.0671875 0.121875
0 0.87421875 0.25546875 0.04921875 0.06484375
0 0.75 0.25078125 0.03984375 0.04296875
0 0.696875 0.24609375 0.02734375 0.03359375
0 0.6640625 0.246875 0.0265625 0.04140625
0 0.6421875 0.24453125 0.02578125 0.0359375
0 0.6203125 0.25 0.0203125 0.0390625
0 0.58515625 0.2515625 0.028125 0.03359375
0 0.8390625 0.24453125 0.03671875 0.05546875
0 0.7921875 0.24765625 0.04140625 0.04296875