0 0.33359375 0.65 0.084375 0.07421875
0 0.0546875 0.73515625 0.06328125 0.05078125
0 0.36484375 0.55859375 0.10546875 0.12109375
0 0.23515625 0.6265625 0.08203125 0.0875
0 0.35703125 0.11328125 0.3609375 0.2171875
0 0.7046875 0.61875 0.08203125 0.11015625
0 0.13359375 0.7 0.05703125 0.06484375
0 0.37734375 0.71015625 0.05 0.05546875
0 0.4328125 0.69375 0.02421875 0.05390625
0 0.27421875 0.7421875 0.03984375 0.03828125
0 0.45859375 0.7390625 0.0421875 0.08515625
0 0.40859375 0.73984375 0.040625 0.0515625
0 0.11328125 0.7640625 0.03203125 0.03671875
0 0.17265625 0.73046875 0.04140625 0.04765625
0 0.50234375 0.75546875 0.0296875 0.05
0 0.1890625 0.77109375 0.03046875 0.03046875
0 0.21484375 0.74609375 0.0421875 0.053125
0 0.55859375 0.70234375 0.0171875 0.0484375
0 0.5296875 0.71796875 0.01640625 0.0390625
0 0.6234375 0.703125 0.01796875 0.04609375
0 0.6421875 0.69296875 0.03046875 0.04140625
0 0.67265625 0.6875 0.040625 0.05859375
0 0.6046875 0.72890625 0.0265625 0.05