0 0.20703125 0.81953125 0.03046875 0.09921875
0 0.42109375 0.5734375 0.0484375 0.16875
0 0.49921875 0.8515625 0.02734375 0.0953125
0 0.2765625 0.86640625 0.0265625 0.07890625
0 0.490625 0.93046875 0.02421875 0.0765625
0 0.47265625 0.9734375 0.0296875 0.053125
0 0.33125 0.88203125 0.021875 0.0859375
0 0.3578125 0.60390625 0.040625 0.121875
0 0.28671875 0.790625 0.0296875 0.1015625
0 0.365625 0.85234375 0.03046875 0.1140625
0 0.38203125 0.88125 0.02890625 0.09375
0 0.3640625 0.428125 0.0609375 0.175
0 0.428125 0.86875 0.02734375 0.0765625
0 0.44609375 0.9015625 0.0203125 0.075
0 0.425 0.91875 0.01796875 0.0765625
0 0.4078125 0.940625 0.0203125 0.0625
0 0.33828125 0.965625 0.0203125 0.04453125
0 0.3328125 0.93125 0.02734375 0.040625
0 0.309375 0.89921875 0.01953125 0.07109375
0 0.271875 0.9453125 0.021875 0.059375
0 0.28515625 0.91015625 0.021875 0.06796875
0 0.3859375 0.9671875 0.01953125 0.0625