0 0.5015625 0.3125 0.025 0.03359375
0 0.5171875 0.2703125 0.025 0.03984375
0 0.45390625 0.33359375 0.02734375 0.03125
0 0.64921875 0.31875 0.0234375 0.0375
0 0.54453125 0.31015625 0.0203125 0.04609375
0 0.7859375 0.24140625 0.028125 0.03984375
0 0.59296875 0.29453125 0.01953125 0.04296875
0 0.6171875 0.31875 0.02421875 0.03671875
0 0.753125 0.23984375 0.0203125 0.040625
0 0.85625 0.2953125 0.0203125 0.04609375
0 0.8078125 0.29375 0.02734375 0.03046875
0 0.7828125 0.3125 0.02734375 0.03828125
0 0.81796875 0.24375 0.02578125 0.03203125