0 0.74765625 0.45078125 0.1359375 0.15859375
0 0.3140625 0.4625 0.14375 0.128125
0 0.4046875 0.259375 0.23125 0.25234375
0 0.26328125 0.56171875 0.1 0.08125
0 0.55703125 0.6796875 0.07265625 0.05859375
0 0.2875 0.65 0.096875 0.08125
0 0.35625 0.6140625 0.096875 0.0640625
0 0.13984375 0.64609375 0.07734375 0.05234375
0 0.0828125 0.56484375 0.10234375 0.090625
0 0.5484375 0.60859375 0.090625 0.09140625
0 0.65234375 0.49296875 0.084375 0.15
0 0.6328125 0.52890625 0.09765625 0.1109375
0 0.7609375 0.628125 0.0640625 0.07890625
0 0.74296875 0.57109375 0.0828125 0.0640625
0 0.64765625 0.60703125 0.0875 0.071875