0 0.365625 0.61953125 0.103125 0.16015625
0 0.8921875 0.5890625 0.12578125 0.15390625
0 0.7 0.43359375 0.0578125 0.12734375
0 0.49765625 0.51796875 0.06015625 0.16875
0 0.6015625 0.16171875 0.04453125 0.06796875
0 0.37890625 0.5265625 0.06328125 0.1484375
0 0.32734375 0.1609375 0.028125 0.071875
0 0.55078125 0.5 0.04921875 0.16484375
0 0.74453125 0.6984375 0.08984375 0.2015625
0 0.421875 0.00859375 0.0234375 0.0171875
0 0.43203125 0.14765625 0.03984375 0.05859375
0 0.39609375 0.1796875 0.03203125 0.0609375
0 0.725 0.56015625 0.08125 0.1671875
0 0.43125 0.19453125 0.03671875 0.06953125
0 0.703125 0.3890625 0.0734375 0.1140625