0 0.9125 0.76171875 0.14375 0.21484375
0 0.7765625 0.196875 0.053125 0.08359375
0 0.7734375 0.4796875 0.0515625 0.15234375
0 0.71484375 0.66484375 0.05390625 0.22578125
0 0.3453125 0.5609375 0.0765625 0.175
0 0.49375 0.1546875 0.0234375 0.07890625
0 0.39296875 0.4984375 0.04140625 0.1671875
0 0.59609375 0.15 0.03046875 0.08515625
0 0.6515625 0.01015625 0.021875 0.01953125
0 0.49609375 0.5265625 0.04140625 0.18671875
0 0.55234375 0.178125 0.03515625 0.065625
0 0.5625 0.56484375 0.04453125 0.1984375
0 0.6796875 0.803125 0.06640625 0.259375
0 0.5828125 0.2015625 0.03359375 0.0859375
0 0.7484375 0.53046875 0.053125 0.1859375