0 0.33359375 0.35 0.084375 0.07421875
0 0.0546875 0.26484375 0.06328125 0.05078125
0 0.36484375 0.44140625 0.10546875 0.12109375
0 0.23515625 0.3734375 0.08203125 0.0875
0 0.35703125 0.88671875 0.3609375 0.2171875
0 0.7046875 0.38125 0.08203125 0.11015625
0 0.13359375 0.3 0.05703125 0.06484375
0 0.37734375 0.28984375 0.05 0.05546875
0 0.4328125 0.30625 0.02421875 0.05390625
0 0.27421875 0.2578125 0.03984375 0.03828125
0 0.45859375 0.2609375 0.0421875 0.08515625
0 0.40859375 0.26015625 0.040625 0.0515625
0 0.11328125 0.2359375 0.03203125 0.03671875
0 0.17265625 0.26953125 0.04140625 0.04765625
0 0.50234375 0.24453125 0.0296875 0.05
0 0.1890625 0.22890625 0.03046875 0.03046875
0 0.21484375 0.25390625 0.0421875 0.053125
0 0.55859375 0.29765625 0.0171875 0.0484375
0 0.5296875 0.28203125 0.01640625 0.0390625
0 0.6234375 0.296875 0.01796875 0.04609375
0 0.6421875 0.30703125 0.03046875 0.04140625
0 0.67265625 0.3125 0.040625 0.05859375
0 0.6046875 0.27109375 0.0265625 0.05