0 0.79296875 0.18046875 0.03046875 0.09921875
0 0.57890625 0.4265625 0.0484375 0.16875
0 0.50078125 0.1484375 0.02734375 0.0953125
0 0.7234375 0.13359375 0.0265625 0.07890625
0 0.509375 0.06953125 0.02421875 0.0765625
0 0.52734375 0.0265625 0.0296875 0.053125
0 0.66875 0.11796875 0.021875 0.0859375
0 0.6421875 0.39609375 0.040625 0.121875
0 0.71328125 0.209375 0.0296875 0.1015625
0 0.634375 0.14765625 0.03046875 0.1140625
0 0.61796875 0.11875 0.02890625 0.09375
0 0.6359375 0.571875 0.0609375 0.175
0 0.571875 0.13125 0.02734375 0.0765625
0 0.55390625 0.0984375 0.0203125 0.075
0 0.575 0.08125 0.01796875 0.0765625
0 0.5921875 0.059375 0.0203125 0.0625
0 0.66171875 0.034375 0.0203125 0.04453125
0 0.6671875 0.06875 0.02734375 0.040625
0 0.690625 0.10078125 0.01953125 0.07109375
0 0.728125 0.0546875 0.021875 0.059375
0 0.71484375 0.08984375 0.021875 0.06796875
0 0.6140625 0.0328125 0.01953125 0.0625