0 0.88359375 0.846875 0.1171875 0.23203125
0 0.86953125 0.23515625 0.05546875 0.09375
0 0.5578125 0.5734375 0.05234375 0.16484375
0 0.7671875 0.0171875 0.01875 0.034375
0 0.6984375 0.70859375 0.04921875 0.23203125
0 0.3484375 0.53828125 0.05703125 0.17265625
0 0.41484375 0.48359375 0.03671875 0.16640625
0 0.8015625 0.5359375 0.0515625 0.196875
0 0.68046875 0.16953125 0.0328125 0.090625
0 0.56953125 0.16328125 0.0234375 0.08125
0 0.49765625 0.53828125 0.03828125 0.18203125
0 0.62421875 0.196875 0.0328125 0.09453125
0 0.65625 0.221875 0.02890625 0.078125
0 0.6609375 0.16875 0.02578125 0.065625
0 0.625 0.81484375 0.0828125 0.27109375
0 0.7625 0.57578125 0.0515625 0.20703125