0 0.7671875 0.48203125 0.11484375 0.26171875
0 0.728125 0.58984375 0.11875 0.25546875
0 0.371875 0.29609375 0.134375 0.2140625
0 0.196875 0.61015625 0.08671875 0.32109375
0 0.153125 0.790625 0.10859375 0.3125
0 0.271875 0.80703125 0.1 0.3359375
0 0.3703125 0.709375 0.08828125 0.3
0 0.28828125 0.5015625 0.1125 0.25
0 0.36953125 0.48984375 0.096875 0.259375
0 0.4375 0.6671875 0.07578125 0.38203125
0 0.51640625 0.7296875 0.0671875 0.390625
0 0.5875 0.7125 0.05234375 0.353125
0 0.64609375 0.621875 0.109375 0.34140625