0 0.471875 0.77578125 0.34453125 0.43203125
0 0.35703125 0.35859375 0.11328125 0.13203125
0 0.46796875 0.30390625 0.07734375 0.090625
0 0.8515625 0.21953125 0.04609375 0.0546875
0 0.37421875 0.28671875 0.08515625 0.0703125
0 0.546875 0.24921875 0.0515625 0.06328125
0 0.696875 0.24765625 0.05703125 0.08046875
0 0.615625 0.21875 0.04765625 0.04921875
0 0.2734375 0.26484375 0.03984375 0.07890625
0 0.92421875 0.21171875 0.071875 0.065625
0 0.103125 0.26640625 0.059375 0.0625
0 0.8375 0.1984375 0.04765625 0.03046875
0 0.2265625 0.246875 0.0484375 0.05546875
0 0.5078125 0.22578125 0.03828125 0.0484375
0 0.428125 0.2265625 0.03046875 0.0390625
0 0.553125 0.203125 0.02265625 0.0375