0 0.13203125 0.36171875 0.06015625 0.10078125
0 0.321875 0.2421875 0.0453125 0.04296875
0 0.20625 0.37734375 0.06953125 0.10234375
0 0.3234375 0.3875 0.0625 0.0921875
0 0.21484375 0.26484375 0.0609375 0.07109375
0 0.671875 0.328125 0.034375 0.07734375
0 0.5859375 0.3203125 0.03203125 0.08125
0 0.31171875 0.30703125 0.0390625 0.0609375
0 0.3609375 0.3359375 0.04375 0.07578125
0 0.55625 0.29609375 0.028125 0.05859375
0 0.1390625 0.30625 0.05625 0.0765625
0 0.3125 0.22734375 0.04296875 0.0515625
0 0.4078125 0.22578125 0.03125 0.0625
0 0.75078125 0.23046875 0.028125 0.05546875
0 0.690625 0.171875 0.021875 0.059375