0 0.77890625 0.52578125 0.1390625 0.25390625
0 0.71328125 0.421875 0.10859375 0.2703125
0 0.534375 0.3265625 0.06328125 0.321875
0 0.6421875 0.38828125 0.07421875 0.32109375
0 0.590625 0.325 0.059375 0.34453125
0 0.37265625 0.715625 0.1515625 0.21796875
0 0.15546875 0.2109375 0.1171875 0.31640625
0 0.2109375 0.41875 0.07734375 0.315625
0 0.29453125 0.225 0.0859375 0.35859375
0 0.296875 0.49609375 0.1 0.23359375
0 0.36875 0.296875 0.10078125 0.325
0 0.3828125 0.515625 0.10234375 0.25
0 0.4515625 0.3609375 0.10234375 0.3640625