0 0.66484375 0.55234375 0.0546875 0.109375
0 0.496875 0.584375 0.03515625 0.0703125
0 0.22421875 0.4890625 0.05 0.11953125
0 0.14921875 0.41484375 0.05859375 0.1859375
0 0.1890625 0.7109375 0.03828125 0.05
0 0.26328125 0.60390625 0.0265625 0.08125
0 0.31015625 0.5890625 0.0328125 0.06796875
0 0.4578125 0.63671875 0.015625 0.0484375
0 0.4359375 0.6421875 0.01484375 0.04765625
0 0.04140625 0.56171875 0.0515625 0.109375
0 0.359375 0.653125 0.0234375 0.0578125
0 0.04453125 0.6296875 0.04921875 0.065625