0 0.528125 0.77578125 0.34453125 0.43203125
0 0.64296875 0.35859375 0.11328125 0.13203125
0 0.53203125 0.30390625 0.07734375 0.090625
0 0.1484375 0.21953125 0.04609375 0.0546875
0 0.62578125 0.28671875 0.08515625 0.0703125
0 0.453125 0.24921875 0.0515625 0.06328125
0 0.303125 0.24765625 0.05703125 0.08046875
0 0.384375 0.21875 0.04765625 0.04921875
0 0.7265625 0.26484375 0.03984375 0.07890625
0 0.07578125 0.21171875 0.071875 0.065625
0 0.896875 0.26640625 0.059375 0.0625
0 0.1625 0.1984375 0.04765625 0.03046875
0 0.7734375 0.246875 0.0484375 0.05546875
0 0.4921875 0.22578125 0.03828125 0.0484375
0 0.571875 0.2265625 0.03046875 0.0390625
0 0.446875 0.203125 0.02265625 0.0375