0 0.66484375 0.44765625 0.0546875 0.109375
0 0.496875 0.415625 0.03515625 0.0703125
0 0.22421875 0.5109375 0.05 0.11953125
0 0.14921875 0.58515625 0.05859375 0.1859375
0 0.1890625 0.2890625 0.03828125 0.05
0 0.26328125 0.39609375 0.0265625 0.08125
0 0.31015625 0.4109375 0.0328125 0.06796875
0 0.4578125 0.36328125 0.015625 0.0484375
0 0.4359375 0.3578125 0.01484375 0.04765625
0 0.04140625 0.43828125 0.0515625 0.109375
0 0.359375 0.346875 0.0234375 0.0578125
0 0.04453125 0.3703125 0.04921875 0.065625