0 0.66171875 0.675 0.05078125 0.18515625
0 0.7296875 0.4875 0.0375 0.115625
0 0.5171875 0.57109375 0.0546875 0.1546875
0 0.4171875 0.39765625 0.0390625 0.11953125
0 0.51796875 0.33359375 0.0453125 0.08125
0 0.4421875 0.27421875 0.02890625 0.0796875
0 0.496875 0.36953125 0.0390625 0.08125
0 0.40234375 0.2640625 0.02578125 0.075
0 0.47421875 0.41328125 0.04375 0.08671875
0 0.36640625 0.275 0.0328125 0.07265625
0 0.4609375 0.3265625 0.02890625 0.07109375
0 0.55 0.48046875 0.04609375 0.1390625
0 0.68046875 0.45546875 0.0359375 0.1265625
0 0.5375 0.16796875 0.03359375 0.0421875
0 0.58984375 0.4421875 0.03125 0.1078125
0 0.4125 0.90859375 0.109375 0.1828125
0 0.7171875 0.353125 0.03046875 0.09453125
0 0.7078125 0.2453125 0.02109375 0.04609375
0 0.640625 0.26875 0.03203125 0.0484375
0 0.67421875 0.31796875 0.03125 0.075
0 0.628125 0.3875 0.0296875 0.08359375
0 0.48125 0.253125 0.03671875 0.05703125
0 0.6375 0.1703125 0.02734375 0.0375
0 0.6859375 0.384375 0.025 0.071875
0 0.578125 0.3546875 0.03359375 0.08203125