0 0.38671875 0.30625 0.0265625 0.034375
0 0.53828125 0.440625 0.02265625 0.05078125
0 0.58203125 0.39296875 0.02109375 0.040625
0 0.55390625 0.38125 0.02734375 0.04296875
0 0.53046875 0.40625 0.02109375 0.0421875
0 0.33515625 0.3046875 0.0125 0.03125
0 0.33984375 0.26875 0.01328125 0.03125
0 0.41953125 0.3015625 0.0171875 0.0328125
0 0.4546875 0.3109375 0.01640625 0.04453125
0 0.490625 0.33359375 0.015625 0.0375
0 0.5328125 0.33984375 0.02265625 0.0328125
0 0.63515625 0.384375 0.01640625 0.04140625
0 0.47265625 0.3234375 0.0125 0.0359375
0 0.471875 0.296875 0.0125 0.0265625
0 0.30859375 0.30078125 0.01875 0.03359375
0 0.209375 0.26328125 0.0265625 0.03671875
0 0.59765625 0.3875 0.021875 0.0546875
0 0.60703125 0.37109375 0.01796875 0.0375
0 0.56796875 0.35390625 0.01484375 0.0328125
0 0.14609375 0.2421875 0.0171875 0.0265625