0 0.0875 0.31484375 0.134375 0.18828125
0 0.303125 0.82109375 0.046875 0.07578125
0 0.65234375 0.41484375 0.09140625 0.17109375
0 0.6125 0.48828125 0.04765625 0.146875
0 0.26875 0.50859375 0.0546875 0.15703125
0 0.57890625 0.8453125 0.02421875 0.0765625
0 0.50234375 0.4796875 0.0484375 0.1765625
0 0.43125 0.46484375 0.03984375 0.1875
0 0.4796875 0.83359375 0.040625 0.1125
0 0.27734375 0.3703125 0.06953125 0.21484375
0 0.5140625 0.82265625 0.0390625 0.0640625
0 0.2546875 0.5703125 0.06953125 0.14609375
0 0.28671875 0.2359375 0.0984375 0.253125