0 0.74765625 0.54921875 0.1359375 0.15859375
0 0.3140625 0.5375 0.14375 0.128125
0 0.4046875 0.740625 0.23125 0.25234375
0 0.26328125 0.43828125 0.1 0.08125
0 0.55703125 0.3203125 0.07265625 0.05859375
0 0.2875 0.35 0.096875 0.08125
0 0.35625 0.3859375 0.096875 0.0640625
0 0.13984375 0.35390625 0.07734375 0.05234375
0 0.0828125 0.43515625 0.10234375 0.090625
0 0.5484375 0.39140625 0.090625 0.09140625
0 0.65234375 0.50703125 0.084375 0.15
0 0.6328125 0.47109375 0.09765625 0.1109375
0 0.7609375 0.371875 0.0640625 0.07890625
0 0.74296875 0.42890625 0.0828125 0.0640625
0 0.64765625 0.39296875 0.0875 0.071875