0 0.78203125 0.5296875 0.13203125 0.24609375
0 0.7171875 0.41484375 0.10703125 0.28359375
0 0.159375 0.21328125 0.10859375 0.32890625
0 0.2015625 0.4015625 0.08515625 0.321875
0 0.296875 0.50078125 0.1015625 0.2375
0 0.290625 0.209375 0.08984375 0.3484375
0 0.3703125 0.31953125 0.1109375 0.3109375
0 0.378125 0.52578125 0.09375 0.2515625
0 0.44921875 0.34921875 0.0734375 0.334375
0 0.53125 0.33046875 0.07890625 0.34453125
0 0.58515625 0.321875 0.0828125 0.3140625
0 0.64375 0.39140625 0.09296875 0.35859375
0 0.38515625 0.675 0.128125 0.253125