0 0.86796875 0.36171875 0.06015625 0.10078125
0 0.678125 0.2421875 0.0453125 0.04296875
0 0.79375 0.37734375 0.06953125 0.10234375
0 0.6765625 0.3875 0.0625 0.0921875
0 0.78515625 0.26484375 0.0609375 0.07109375
0 0.328125 0.328125 0.034375 0.07734375
0 0.4140625 0.3203125 0.03203125 0.08125
0 0.68828125 0.30703125 0.0390625 0.0609375
0 0.6390625 0.3359375 0.04375 0.07578125
0 0.44375 0.29609375 0.028125 0.05859375
0 0.8609375 0.30625 0.05625 0.0765625
0 0.6875 0.22734375 0.04296875 0.0515625
0 0.5921875 0.22578125 0.03125 0.0625
0 0.24921875 0.23046875 0.028125 0.05546875
0 0.309375 0.171875 0.021875 0.059375