0 0.33828125 0.325 0.05078125 0.18515625
0 0.2703125 0.5125 0.0375 0.115625
0 0.4828125 0.42890625 0.0546875 0.1546875
0 0.5828125 0.60234375 0.0390625 0.11953125
0 0.48203125 0.66640625 0.0453125 0.08125
0 0.5578125 0.72578125 0.02890625 0.0796875
0 0.503125 0.63046875 0.0390625 0.08125
0 0.59765625 0.7359375 0.02578125 0.075
0 0.52578125 0.58671875 0.04375 0.08671875
0 0.63359375 0.725 0.0328125 0.07265625
0 0.5390625 0.6734375 0.02890625 0.07109375
0 0.45 0.51953125 0.04609375 0.1390625
0 0.31953125 0.54453125 0.0359375 0.1265625
0 0.4625 0.83203125 0.03359375 0.0421875
0 0.41015625 0.5578125 0.03125 0.1078125
0 0.5875 0.09140625 0.109375 0.1828125
0 0.2828125 0.646875 0.03046875 0.09453125
0 0.2921875 0.7546875 0.02109375 0.04609375
0 0.359375 0.73125 0.03203125 0.0484375
0 0.32578125 0.68203125 0.03125 0.075
0 0.371875 0.6125 0.0296875 0.08359375
0 0.51875 0.746875 0.03671875 0.05703125
0 0.3625 0.8296875 0.02734375 0.0375
0 0.3140625 0.615625 0.025 0.071875
0 0.421875 0.6453125 0.03359375 0.08203125