0 0.5015625 0.6875 0.025 0.03359375
0 0.5171875 0.7296875 0.025 0.03984375
0 0.45390625 0.66640625 0.02734375 0.03125
0 0.64921875 0.68125 0.0234375 0.0375
0 0.54453125 0.68984375 0.0203125 0.04609375
0 0.7859375 0.75859375 0.028125 0.03984375
0 0.59296875 0.70546875 0.01953125 0.04296875
0 0.6171875 0.68125 0.02421875 0.03671875
0 0.753125 0.76015625 0.0203125 0.040625
0 0.85625 0.7046875 0.0203125 0.04609375
0 0.8078125 0.70625 0.02734375 0.03046875
0 0.7828125 0.6875 0.02734375 0.03828125
0 0.81796875 0.75625 0.02578125 0.03203125