0 0.0875 0.23828125 0.14375 0.21484375
0 0.2234375 0.803125 0.053125 0.08359375
0 0.2265625 0.5203125 0.0515625 0.15234375
0 0.28515625 0.33515625 0.05390625 0.22578125
0 0.6546875 0.4390625 0.0765625 0.175
0 0.50625 0.8453125 0.0234375 0.07890625
0 0.60703125 0.5015625 0.04140625 0.1671875
0 0.40390625 0.85 0.03046875 0.08515625
0 0.3484375 0.98984375 0.021875 0.01953125
0 0.50390625 0.4734375 0.04140625 0.18671875
0 0.44765625 0.821875 0.03515625 0.065625
0 0.4375 0.43515625 0.04453125 0.1984375
0 0.3203125 0.196875 0.06640625 0.259375
0 0.4171875 0.7984375 0.03359375 0.0859375
0 0.2515625 0.46953125 0.053125 0.1859375