0 0.33984375 0.44296875 0.27265625 0.328125
0 0.07890625 0.24453125 0.04765625 0.0515625
0 0.03359375 0.28828125 0.0671875 0.121875
0 0.12578125 0.25546875 0.04921875 0.06484375
0 0.25 0.25078125 0.03984375 0.04296875
0 0.303125 0.24609375 0.02734375 0.03359375
0 0.3359375 0.246875 0.0265625 0.04140625
0 0.3578125 0.24453125 0.02578125 0.0359375
0 0.3796875 0.25 0.0203125 0.0390625
0 0.41484375 0.2515625 0.028125 0.03359375
0 0.1609375 0.24453125 0.03671875 0.05546875
0 0.2078125 0.24765625 0.04140625 0.04296875