0 0.78203125 0.4703125 0.13203125 0.24609375
0 0.7171875 0.58515625 0.10703125 0.28359375
0 0.159375 0.78671875 0.10859375 0.32890625
0 0.2015625 0.5984375 0.08515625 0.321875
0 0.296875 0.49921875 0.1015625 0.2375
0 0.290625 0.790625 0.08984375 0.3484375
0 0.3703125 0.68046875 0.1109375 0.3109375
0 0.378125 0.47421875 0.09375 0.2515625
0 0.44921875 0.65078125 0.0734375 0.334375
0 0.53125 0.66953125 0.07890625 0.34453125
0 0.58515625 0.678125 0.0828125 0.3140625
0 0.64375 0.60859375 0.09296875 0.35859375
0 0.38515625 0.325 0.128125 0.253125