0 0.4984375 0.6875 0.025 0.03359375
0 0.4828125 0.7296875 0.025 0.03984375
0 0.54609375 0.66640625 0.02734375 0.03125
0 0.35078125 0.68125 0.0234375 0.0375
0 0.45546875 0.68984375 0.0203125 0.04609375
0 0.2140625 0.75859375 0.028125 0.03984375
0 0.40703125 0.70546875 0.01953125 0.04296875
0 0.3828125 0.68125 0.02421875 0.03671875
0 0.246875 0.76015625 0.0203125 0.040625
0 0.14375 0.7046875 0.0203125 0.04609375
0 0.1921875 0.70625 0.02734375 0.03046875
0 0.2171875 0.6875 0.02734375 0.03828125
0 0.18203125 0.75625 0.02578125 0.03203125