0 0.634375 0.61953125 0.103125 0.16015625
0 0.1078125 0.5890625 0.12578125 0.15390625
0 0.3 0.43359375 0.0578125 0.12734375
0 0.50234375 0.51796875 0.06015625 0.16875
0 0.3984375 0.16171875 0.04453125 0.06796875
0 0.62109375 0.5265625 0.06328125 0.1484375
0 0.67265625 0.1609375 0.028125 0.071875
0 0.44921875 0.5 0.04921875 0.16484375
0 0.25546875 0.6984375 0.08984375 0.2015625
0 0.578125 0.00859375 0.0234375 0.0171875
0 0.56796875 0.14765625 0.03984375 0.05859375
0 0.60390625 0.1796875 0.03203125 0.0609375
0 0.275 0.56015625 0.08125 0.1671875
0 0.56875 0.19453125 0.03671875 0.06953125
0 0.296875 0.3890625 0.0734375 0.1140625