0 0.61328125 0.30625 0.0265625 0.034375
0 0.46171875 0.440625 0.02265625 0.05078125
0 0.41796875 0.39296875 0.02109375 0.040625
0 0.44609375 0.38125 0.02734375 0.04296875
0 0.46953125 0.40625 0.02109375 0.0421875
0 0.66484375 0.3046875 0.0125 0.03125
0 0.66015625 0.26875 0.01328125 0.03125
0 0.58046875 0.3015625 0.0171875 0.0328125
0 0.5453125 0.3109375 0.01640625 0.04453125
0 0.509375 0.33359375 0.015625 0.0375
0 0.4671875 0.33984375 0.02265625 0.0328125
0 0.36484375 0.384375 0.01640625 0.04140625
0 0.52734375 0.3234375 0.0125 0.0359375
0 0.528125 0.296875 0.0125 0.0265625
0 0.69140625 0.30078125 0.01875 0.03359375
0 0.790625 0.26328125 0.0265625 0.03671875
0 0.40234375 0.3875 0.021875 0.0546875
0 0.39296875 0.37109375 0.01796875 0.0375
0 0.43203125 0.35390625 0.01484375 0.0328125
0 0.85390625 0.2421875 0.0171875 0.0265625