0 0.22578125 0.403125 0.03046875 0.1
0 0.50625 0.378125 0.0265625 0.0890625
0 0.38359375 0.63125 0.04453125 0.1125
0 0.45078125 0.6609375 0.05390625 0.1734375
0 0.37421875 0.3859375 0.025 0.08125
0 0.45234375 0.34921875 0.0265625 0.07578125
0 0.3375 0.3484375 0.02734375 0.0765625
0 0.4109375 0.82265625 0.0625 0.2484375
0 0.3078125 0.434375 0.03828125 0.1015625
0 0.58125 0.20859375 0.01640625 0.046875
0 0.28125 0.290625 0.0171875 0.0609375
0 0.39375 0.328125 0.02109375 0.0625
0 0.496875 0.2875 0.025 0.0609375
0 0.55625 0.21875 0.01171875 0.065625
0 0.5375 0.22109375 0.0203125 0.05
0 0.4578125 0.30234375 0.02109375 0.05390625
0 0.4234375 0.3171875 0.01953125 0.065625
0 0.3015625 0.3515625 0.01953125 0.046875
0 0.3015625 0.31015625 0.01796875 0.05390625
0 0.3453125 0.28984375 0.02265625 0.0515625