0 0.9125 0.68515625 0.134375 0.18828125
0 0.696875 0.17890625 0.046875 0.07578125
0 0.34765625 0.58515625 0.09140625 0.17109375
0 0.3875 0.51171875 0.04765625 0.146875
0 0.73125 0.49140625 0.0546875 0.15703125
0 0.42109375 0.1546875 0.02421875 0.0765625
0 0.49765625 0.5203125 0.0484375 0.1765625
0 0.56875 0.53515625 0.03984375 0.1875
0 0.5203125 0.16640625 0.040625 0.1125
0 0.72265625 0.6296875 0.06953125 0.21484375
0 0.4859375 0.17734375 0.0390625 0.0640625
0 0.7453125 0.4296875 0.06953125 0.14609375
0 0.71328125 0.7640625 0.0984375 0.253125