0 0.33828125 0.675 0.05078125 0.18515625
0 0.2703125 0.4875 0.0375 0.115625
0 0.4828125 0.57109375 0.0546875 0.1546875
0 0.5828125 0.39765625 0.0390625 0.11953125
0 0.48203125 0.33359375 0.0453125 0.08125
0 0.5578125 0.27421875 0.02890625 0.0796875
0 0.503125 0.36953125 0.0390625 0.08125
0 0.59765625 0.2640625 0.02578125 0.075
0 0.52578125 0.41328125 0.04375 0.08671875
0 0.63359375 0.275 0.0328125 0.07265625
0 0.5390625 0.3265625 0.02890625 0.07109375
0 0.45 0.48046875 0.04609375 0.1390625
0 0.31953125 0.45546875 0.0359375 0.1265625
0 0.4625 0.16796875 0.03359375 0.0421875
0 0.41015625 0.4421875 0.03125 0.1078125
0 0.5875 0.90859375 0.109375 0.1828125
0 0.2828125 0.353125 0.03046875 0.09453125
0 0.2921875 0.2453125 0.02109375 0.04609375
0 0.359375 0.26875 0.03203125 0.0484375
0 0.32578125 0.31796875 0.03125 0.075
0 0.371875 0.3875 0.0296875 0.08359375
0 0.51875 0.253125 0.03671875 0.05703125
0 0.3625 0.1703125 0.02734375 0.0375
0 0.3140625 0.384375 0.025 0.071875
0 0.421875 0.3546875 0.03359375 0.08203125