0 0.35703125 0.54375 0.40078125 0.490625
0 0.3203125 0.2125 0.16953125 0.37734375
0 0.553125 0.3578125 0.1484375 0.4703125
0 0.325 0.79140625 0.18203125 0.4171875
0 0.66953125 0.75625 0.27421875 0.4875
0 0.6359375 0.51328125 0.22265625 0.4640625
0 0.5046875 0.7703125 0.15625 0.459375
0 0.8359375 0.784375 0.19921875 0.43125
0 0.85078125 0.428125 0.2421875 0.42421875
0 0.790625 0.19765625 0.284375 0.3328125
0 0.0890625 0.4703125 0.178125 0.46875
0 0.1875 0.3609375 0.17734375 0.3640625
0 0.12109375 0.79375 0.1921875 0.4125
0 0.68203125 0.128125 0.134375 0.25546875
0 0.3640625 0.34375 0.25703125 0.353125
0 0.921875 0.353125 0.15625 0.315625
0 0.92109375 0.728125 0.1578125 0.38984375