0 0.9265625 0.95390625 0.07421875 0.08515625
0 0.70546875 0.93828125 0.05546875 0.0625
0 0.60078125 0.96015625 0.08203125 0.07890625
0 0.696875 0.67890625 0.059375 0.07265625
0 0.89453125 0.6640625 0.0375 0.06640625
0 0.83671875 0.5703125 0.05078125 0.05625
0 0.15078125 0.47421875 0.0421875 0.05625
0 0.52109375 0.9 0.09765625 0.128125
0 0.01640625 0.7015625 0.03203125 0.08671875
0 0.68203125 0.74453125 0.0453125 0.065625
0 0.1796875 0.590625 0.04921875 0.059375
0 0.746875 0.4390625 0.04453125 0.0640625
0 0.9609375 0.8765625 0.078125 0.075
0 0.75390625 0.87734375 0.0546875 0.08125
0 0.178125 0.75859375 0.06484375 0.08046875
0 0.75546875 0.83828125 0.06328125 0.06015625
0 0.53046875 0.58125 0.0484375 0.0546875
0 0.70703125 0.5328125 0.04453125 0.05
0 0.74140625 0.98203125 0.07578125 0.0359375
0 0.7609375 0.5796875 0.04140625 0.0546875
0 0.76015625 0.72734375 0.05 0.0671875
0 0.7609375 0.68359375 0.06015625 0.0484375
0 0.93671875 0.2875 0.03359375 0.06875
0 0.21484375 0.55859375 0.04296875 0.08984375
0 0.94140625 0.29921875 0.025 0.03984375
0 0.171875 0.80625 0.0453125 0.08515625
0 0.0640625 0.84453125 0.06015625 0.1015625
0 0.0859375 0.78515625 0.0265625 0.06328125
0 0.04765625 0.81328125 0.05234375 0.065625
0 0.521875 0.8078125 0.0328125 0.08984375
0 0.12734375 0.5296875 0.0265625 0.05390625
0 0.50703125 0.4671875 0.04609375 0.053125
0 0.65546875 0.4609375 0.03359375 0.05390625
0 0.78671875 0.7859375 0.06875 0.09140625
0 0.80078125 0.90546875 0.03046875 0.1
0 0.8296875 0.93359375 0.03671875 0.0734375
0 0.8703125 0.9421875 0.04140625 0.09140625
0 0.8953125 0.86796875 0.04765625 0.06640625
0 0.9203125 0.8875 0.06796875 0.03984375
0 0.94765625 0.9453125 0.08359375 0.09453125
0 0.8546875 0.7265625 0.04453125 0.06328125
0 0.91171875 0.75078125 0.0765625 0.04140625
0 0.9625 0.58984375 0.025 0.0453125
0 0.98203125 0.49296875 0.0359375 0.0703125
0 0.9328125 0.53203125 0.04453125 0.0515625
0 0.59765625 0.66328125 0.05390625 0.06640625
0 0.44453125 0.47421875 0.0453125 0.053125
0 0.0984375 0.36328125 0.03203125 0.0484375
0 0.05859375 0.38515625 0.02421875 0.0515625
0 0.07421875 0.45703125 0.0265625 0.0546875
0 0.8484375 0.30703125 0.0328125 0.03671875
0 0.79609375 0.3 0.0328125 0.0515625
0 0.82578125 0.41796875 0.0265625 0.05625