0 0.9265625 0.04609375 0.07421875 0.08515625
0 0.70546875 0.06171875 0.05546875 0.0625
0 0.60078125 0.03984375 0.08203125 0.07890625
0 0.696875 0.32109375 0.059375 0.07265625
0 0.89453125 0.3359375 0.0375 0.06640625
0 0.83671875 0.4296875 0.05078125 0.05625
0 0.15078125 0.52578125 0.0421875 0.05625
0 0.52109375 0.1 0.09765625 0.128125
0 0.01640625 0.2984375 0.03203125 0.08671875
0 0.68203125 0.25546875 0.0453125 0.065625
0 0.1796875 0.409375 0.04921875 0.059375
0 0.746875 0.5609375 0.04453125 0.0640625
0 0.9609375 0.1234375 0.078125 0.075
0 0.75390625 0.12265625 0.0546875 0.08125
0 0.178125 0.24140625 0.06484375 0.08046875
0 0.75546875 0.16171875 0.06328125 0.06015625
0 0.53046875 0.41875 0.0484375 0.0546875
0 0.70703125 0.4671875 0.04453125 0.05
0 0.74140625 0.01796875 0.07578125 0.0359375
0 0.7609375 0.4203125 0.04140625 0.0546875
0 0.76015625 0.27265625 0.05 0.0671875
0 0.7609375 0.31640625 0.06015625 0.0484375
0 0.93671875 0.7125 0.03359375 0.06875
0 0.21484375 0.44140625 0.04296875 0.08984375
0 0.94140625 0.70078125 0.025 0.03984375
0 0.171875 0.19375 0.0453125 0.08515625
0 0.0640625 0.15546875 0.06015625 0.1015625
0 0.0859375 0.21484375 0.0265625 0.06328125
0 0.04765625 0.18671875 0.05234375 0.065625
0 0.521875 0.1921875 0.0328125 0.08984375
0 0.12734375 0.4703125 0.0265625 0.05390625
0 0.50703125 0.5328125 0.04609375 0.053125
0 0.65546875 0.5390625 0.03359375 0.05390625
0 0.78671875 0.2140625 0.06875 0.09140625
0 0.80078125 0.09453125 0.03046875 0.1
0 0.8296875 0.06640625 0.03671875 0.0734375
0 0.8703125 0.0578125 0.04140625 0.09140625
0 0.8953125 0.13203125 0.04765625 0.06640625
0 0.9203125 0.1125 0.06796875 0.03984375
0 0.94765625 0.0546875 0.08359375 0.09453125
0 0.8546875 0.2734375 0.04453125 0.06328125
0 0.91171875 0.24921875 0.0765625 0.04140625
0 0.9625 0.41015625 0.025 0.0453125
0 0.98203125 0.50703125 0.0359375 0.0703125
0 0.9328125 0.46796875 0.04453125 0.0515625
0 0.59765625 0.33671875 0.05390625 0.06640625
0 0.44453125 0.52578125 0.0453125 0.053125
0 0.0984375 0.63671875 0.03203125 0.0484375
0 0.05859375 0.61484375 0.02421875 0.0515625
0 0.07421875 0.54296875 0.0265625 0.0546875
0 0.8484375 0.69296875 0.0328125 0.03671875
0 0.79609375 0.7 0.0328125 0.0515625
0 0.82578125 0.58203125 0.0265625 0.05625