0 0.93671875 0.09765625 0.1265625 0.1515625
0 0.45234375 0.3859375 0.14296875 0.16171875
0 0.60546875 0.05703125 0.0984375 0.1140625
0 0.13125 0.2671875 0.1546875 0.21796875
0 0.69921875 0.128125 0.07734375 0.196875
0 0.9421875 0.74453125 0.115625 0.2796875
0 0.44609375 0.0421875 0.1484375 0.084375
0 0.10078125 0.9078125 0.2015625 0.175
0 0.5859375 0.41875 0.10625 0.28984375
0 0.5015625 0.53984375 0.11796875 0.2
0 0.7109375 0.49609375 0.16953125 0.17265625
0 0.1875 0.70234375 0.12578125 0.12890625
0 0.49375 0.8078125 0.0921875 0.29296875
0 0.06640625 0.628125 0.0953125 0.21171875
0 0.3890625 0.68671875 0.0921875 0.35
0 0.284375 0.85546875 0.08359375 0.28828125
0 0.2515625 0.3671875 0.07890625 0.32109375
0 0.09453125 0.47421875 0.09375 0.190625
0 0.06875 0.77890625 0.1359375 0.1578125
0 0.15078125 0.9234375 0.15625 0.15234375
0 0.76484375 0.47578125 0.09453125 0.29140625
0 0.90078125 0.42734375 0.14296875 0.26640625
0 0.815625 0.28359375 0.07734375 0.29375
0 0.87109375 0.18828125 0.07578125 0.296875
0 0.8953125 0.80546875 0.15390625 0.29375
0 0.87421875 0.87890625 0.1328125 0.2421875
0 0.71640625 0.81484375 0.17578125 0.24375
0 0.08984375 0.19296875 0.13828125 0.20546875
0 0.0390625 0.1109375 0.075 0.16171875
0 0.0859375 0.05234375 0.096875 0.1046875
0 0.3515625 0.33828125 0.10625 0.284375
0 0.559375 0.78046875 0.09765625 0.3125
0 0.946875 0.2625 0.10625 0.2265625