0 0.06328125 0.90234375 0.1265625 0.1515625
0 0.54765625 0.6140625 0.14296875 0.16171875
0 0.39453125 0.94296875 0.0984375 0.1140625
0 0.86875 0.7328125 0.1546875 0.21796875
0 0.30078125 0.871875 0.07734375 0.196875
0 0.0578125 0.25546875 0.115625 0.2796875
0 0.55390625 0.9578125 0.1484375 0.084375
0 0.89921875 0.0921875 0.2015625 0.175
0 0.4140625 0.58125 0.10625 0.28984375
0 0.4984375 0.46015625 0.11796875 0.2
0 0.2890625 0.50390625 0.16953125 0.17265625
0 0.8125 0.29765625 0.12578125 0.12890625
0 0.50625 0.1921875 0.0921875 0.29296875
0 0.93359375 0.371875 0.0953125 0.21171875
0 0.6109375 0.31328125 0.0921875 0.35
0 0.715625 0.14453125 0.08359375 0.28828125
0 0.7484375 0.6328125 0.07890625 0.32109375
0 0.90546875 0.52578125 0.09375 0.190625
0 0.93125 0.22109375 0.1359375 0.1578125
0 0.84921875 0.0765625 0.15625 0.15234375
0 0.23515625 0.52421875 0.09453125 0.29140625
0 0.09921875 0.57265625 0.14296875 0.26640625
0 0.184375 0.71640625 0.07734375 0.29375
0 0.12890625 0.81171875 0.07578125 0.296875
0 0.1046875 0.19453125 0.15390625 0.29375
0 0.12578125 0.12109375 0.1328125 0.2421875
0 0.28359375 0.18515625 0.17578125 0.24375
0 0.91015625 0.80703125 0.13828125 0.20546875
0 0.9609375 0.8890625 0.075 0.16171875
0 0.9140625 0.94765625 0.096875 0.1046875
0 0.6484375 0.66171875 0.10625 0.284375
0 0.440625 0.21953125 0.09765625 0.3125
0 0.053125 0.7375 0.10625 0.2265625