0 0.56640625 0.91953125 0.01640625 0.0265625
0 0.71796875 0.8125 0.0296875 0.01796875
0 0.7421875 0.66953125 0.01328125 0.0390625
0 0.48515625 0.5828125 0.009375 0.0359375
0 0.83359375 0.64375 0.02109375 0.02109375
0 0.85 0.365625 0.01328125 0.03984375
0 0.76796875 0.35703125 0.02109375 0.03359375
0 0.85703125 0.27578125 0.02265625 0.028125
0 0.85859375 0.1984375 0.01796875 0.03125
0 0.81953125 0.1890625 0.01875 0.0203125
0 0.7671875 0.16015625 0.02109375 0.02578125
0 0.75390625 0.0984375 0.015625 0.03515625
0 0.7890625 0.10234375 0.01796875 0.025
0 0.7828125 0.0875 0.01484375 0.0296875
0 0.83125 0.03515625 0.01328125 0.02421875
0 0.78984375 0.0328125 0.01796875 0.025
0 0.80546875 0.0203125 0.01875 0.01875
0 0.7515625 0.0265625 0.015625 0.01875
0 0.7375 0.02578125 0.0140625 0.02265625
0 0.646875 0.228125 0.0125 0.03203125
0 0.66640625 0.15078125 0.0203125 0.0203125
0 0.553125 0.0640625 0.0109375 0.03203125
0 0.59296875 0.053125 0.0171875 0.03125
0 0.6625 0.03828125 0.01796875 0.01796875
0 0.56953125 0.1984375 0.021875 0.0203125