0 0.92109375 0.0359375 0.00859375 0.03046875
0 0.81328125 0.0453125 0.0234375 0.02421875
0 0.74453125 0.0765625 0.01171875 0.028125
0 0.69453125 0.06484375 0.009375 0.0328125
0 0.68828125 0.10859375 0.01796875 0.034375
0 0.7765625 0.18828125 0.01875 0.01171875
0 0.5953125 0.16953125 0.01875 0.01171875
0 0.7140625 0.40078125 0.009375 0.0390625
0 0.68515625 0.471875 0.01953125 0.0234375
0 0.640625 0.51640625 0.0140625 0.0265625
0 0.64296875 0.5578125 0.01875 0.0140625
0 0.72578125 0.415625 0.0234375 0.0109375
0 0.7359375 0.428125 0.0234375 0.01015625
0 0.715625 0.43984375 0.02109375 0.021875
0 0.7640625 0.43828125 0.01875 0.01328125
0 0.75859375 0.45078125 0.0078125 0.02109375
0 0.65390625 0.63046875 0.00859375 0.021875
0 0.6703125 0.6953125 0.0171875 0.01640625
0 0.6453125 0.93359375 0.01796875 0.015625
0 0.49921875 0.85859375 0.0171875 0.0140625
0 0.46875 0.871875 0.00859375 0.03046875
0 0.44921875 0.84609375 0.0140625 0.02109375
0 0.41484375 0.7984375 0.01640625 0.02265625