0 0.20625 0.01484375 0.0234375 0.02421875
0 0.19921875 0.04609375 0.02109375 0.02265625
0 0.1375 0.040625 0.02421875 0.025
0 0.13515625 0.05859375 0.0234375 0.01796875
0 0.184375 0.08671875 0.01953125 0.03125
0 0.11875 0.16328125 0.0125 0.02734375
0 0.1046875 0.20546875 0.02109375 0.01171875
0 0.0953125 0.234375 0.0234375 0.02421875
0 0.46015625 0.33046875 0.01328125 0.03203125
0 0.44375 0.353125 0.01796875 0.03125
0 0.45859375 0.43046875 0.0234375 0.01484375
0 0.471875 0.44921875 0.00859375 0.034375