0 0.65078125 0.978125 0.0203125 0.01328125
0 0.6 0.89140625 0.01484375 0.021875
0 0.71953125 0.85703125 0.01953125 0.021875
0 0.6328125 0.8296875 0.0140625 0.0203125
0 0.61171875 0.775 0.01484375 0.021875
0 0.6453125 0.74140625 0.01953125 0.0203125
0 0.61484375 0.73515625 0.00859375 0.0296875
0 0.73046875 0.734375 0.01953125 0.015625
0 0.75859375 0.73671875 0.01875 0.0125
0 0.73828125 0.61875 0.00859375 0.028125
0 0.78984375 0.90859375 0.01953125 0.02109375
0 0.78515625 0.69453125 0.0171875 0.0171875
0 0.71875 0.5828125 0.01171875 0.025
0 0.63984375 0.57421875 0.01953125 0.0125
0 0.58671875 0.76171875 0.01171875 0.02109375
0 0.5953125 0.75234375 0.01875 0.0109375
0 0.59921875 0.4453125 0.01328125 0.01796875
0 0.59375 0.353125 0.0140625 0.01015625
0 0.43515625 0.3390625 0.00859375 0.0171875
0 0.68515625 0.3609375 0.01171875 0.01875