0 0.86484375 0.0984375 0.01328125 0.03125
0 0.678125 0.06171875 0.0171875 0.040625
0 0.6828125 0.1015625 0.01875 0.03125
0 0.6890625 0.1515625 0.01875 0.0234375
0 0.8671875 0.196875 0.021875 0.02265625
0 0.6609375 0.2890625 0.0140625 0.03515625
0 0.71484375 0.2515625 0.01953125 0.0296875
0 0.72109375 0.26796875 0.0171875 0.0375
0 0.84375 0.32578125 0.01875 0.02421875
0 0.80703125 0.35859375 0.015625 0.03203125
0 0.7671875 0.3421875 0.015625 0.03125
0 0.75078125 0.34296875 0.0203125 0.021875
0 0.7125 0.334375 0.02265625 0.02265625
0 0.6671875 0.33828125 0.01484375 0.02578125
0 0.715625 0.41953125 0.0234375 0.028125
0 0.65390625 0.40234375 0.01796875 0.0265625
0 0.63515625 0.39765625 0.01640625 0.04140625
0 0.84140625 0.5453125 0.02578125 0.025
0 0.64296875 0.89296875 0.01875 0.02109375
0 0.67421875 0.95390625 0.015625 0.02734375
0 0.75546875 0.93828125 0.0140625 0.03046875
0 0.3578125 0.38125 0.0171875 0.0265625
0 0.34453125 0.4328125 0.00859375 0.0328125
0 0.2890625 0.3609375 0.02109375 0.028125
0 0.28125 0.31640625 0.0171875 0.03359375
0 0.94453125 0.134375 0.0234375 0.02265625
0 0.9265625 0.1453125 0.02734375 0.01875
0 0.934375 0.26015625 0.028125 0.0140625
0 0.990625 0.30234375 0.015625 0.03671875
0 0.95859375 0.2921875 0.01328125 0.03671875
0 0.96328125 0.31328125 0.0265625 0.0234375
0 0.9515625 0.340625 0.02578125 0.0171875
0 0.971875 0.403125 0.02265625 0.02265625