0 0.30625 0.26796875 0.01953125 0.01484375
0 0.29453125 0.3453125 0.00546875 0.0265625
0 0.3890625 0.36640625 0.02109375 0.0171875
0 0.44609375 0.3984375 0.01015625 0.0265625
0 0.49140625 0.390625 0.01015625 0.02578125
0 0.50078125 0.44140625 0.0140625 0.02890625
0 0.41015625 0.4921875 0.01875 0.009375
0 0.57421875 0.49140625 0.01875 0.01328125
0 0.4484375 0.68046875 0.00546875 0.03203125
0 0.465625 0.75234375 0.01875 0.01796875
0 0.4453125 0.72421875 0.01796875 0.021875
0 0.40078125 0.7125 0.01484375 0.009375
0 0.43203125 0.70390625 0.01953125 0.01015625
0 0.44140625 0.69609375 0.02109375 0.0171875
0 0.50625 0.79921875 0.0125 0.0265625
0 0.50078125 0.8328125 0.0171875 0.015625
0 0.48359375 0.89609375 0.00546875 0.02265625
0 0.46484375 0.95234375 0.01640625 0.02109375