0 0.72578125 0.965625 0.0203125 0.0265625
0 0.72578125 0.93359375 0.0171875 0.02421875
0 0.746875 0.95234375 0.02734375 0.0140625
0 0.77265625 0.93515625 0.01875 0.01171875
0 0.76484375 0.91875 0.01015625 0.02734375
0 0.75 0.93671875 0.02265625 0.01640625
0 0.68359375 0.89765625 0.02109375 0.02109375
0 0.64296875 0.846875 0.0140625 0.02734375
0 0.6421875 0.7953125 0.02109375 0.01484375
0 0.65234375 0.71015625 0.0109375 0.0203125
0 0.66796875 0.64140625 0.01796875 0.0171875
0 0.6375 0.3734375 0.01796875 0.01171875
0 0.48359375 0.4421875 0.015625 0.01171875
0 0.4484375 0.42578125 0.01015625 0.03046875
0 0.428125 0.45078125 0.01484375 0.021875
0 0.53828125 0.26640625 0.00703125 0.0296875
0 0.57890625 0.2265625 0.0109375 0.02890625
0 0.390625 0.5046875 0.01953125 0.02421875
0 0.42265625 0.09765625 0.00625 0.021875
0 0.3796875 0.11640625 0.0140625 0.01171875
0 0.3578125 0.14375 0.0109375 0.01875
0 0.32421875 0.0796875 0.01328125 0.01640625
0 0.27578125 0.115625 0.0171875 0.0140625
0 0.2484375 0.13046875 0.01328125 0.02421875