0 0.728125 0.05703125 0.01484375 0.03984375
0 0.7109375 0.08359375 0.0328125 0.03203125
0 0.6734375 0.12734375 0.0265625 0.03515625
0 0.75859375 0.1828125 0.0296875 0.02421875
0 0.7359375 0.35703125 0.02734375 0.0296875
0 0.8453125 0.4125 0.02109375 0.04296875
0 0.98203125 0.41953125 0.02109375 0.0375
0 0.82734375 0.53203125 0.0140625 0.040625
0 0.5359375 0.578125 0.02421875 0.03359375
0 0.45078125 0.428125 0.028125 0.025
0 0.5265625 0.76171875 0.028125 0.02578125
0 0.5546875 0.84375 0.02421875 0.034375
0 0.40390625 0.79453125 0.0265625 0.0421875
0 0.2078125 0.61328125 0.0171875 0.04453125
0 0.3421875 0.73671875 0.02421875 0.0390625
0 0.06875 0.3515625 0.02890625 0.02734375
0 0.12578125 0.58046875 0.02578125 0.04921875