0 0.13515625 0.9015625 0.01328125 0.03125
0 0.321875 0.93828125 0.0171875 0.040625
0 0.3171875 0.8984375 0.01875 0.03125
0 0.3109375 0.8484375 0.01875 0.0234375
0 0.1328125 0.803125 0.021875 0.02265625
0 0.3390625 0.7109375 0.0140625 0.03515625
0 0.28515625 0.7484375 0.01953125 0.0296875
0 0.27890625 0.73203125 0.0171875 0.0375
0 0.15625 0.67421875 0.01875 0.02421875
0 0.19296875 0.64140625 0.015625 0.03203125
0 0.2328125 0.6578125 0.015625 0.03125
0 0.24921875 0.65703125 0.0203125 0.021875
0 0.2875 0.665625 0.02265625 0.02265625
0 0.3328125 0.66171875 0.01484375 0.02578125
0 0.284375 0.58046875 0.0234375 0.028125
0 0.34609375 0.59765625 0.01796875 0.0265625
0 0.36484375 0.60234375 0.01640625 0.04140625
0 0.15859375 0.4546875 0.02578125 0.025
0 0.35703125 0.10703125 0.01875 0.02109375
0 0.32578125 0.04609375 0.015625 0.02734375
0 0.24453125 0.06171875 0.0140625 0.03046875
0 0.6421875 0.61875 0.0171875 0.0265625
0 0.65546875 0.5671875 0.00859375 0.0328125
0 0.7109375 0.6390625 0.02109375 0.028125
0 0.71875 0.68359375 0.0171875 0.03359375
0 0.05546875 0.865625 0.0234375 0.02265625
0 0.0734375 0.8546875 0.02734375 0.01875
0 0.065625 0.73984375 0.028125 0.0140625
0 0.009375 0.69765625 0.015625 0.03671875
0 0.04140625 0.7078125 0.01328125 0.03671875
0 0.03671875 0.68671875 0.0265625 0.0234375
0 0.0484375 0.659375 0.02578125 0.0171875
0 0.028125 0.596875 0.02265625 0.02265625