0 0.3546875 0.76171875 0.01875 0.009375
0 0.37890625 0.6125 0.01484375 0.0234375
0 0.37109375 0.5046875 0.0171875 0.009375
0 0.534375 0.45546875 0.009375 0.0203125
0 0.4109375 0.9640625 0.0171875 0.02109375
0 0.37265625 0.94140625 0.01640625 0.028125
0 0.4015625 0.921875 0.009375 0.0296875
0 0.421875 0.93828125 0.0171875 0.01640625
0 0.434375 0.94453125 0.0125 0.02578125
0 0.2828125 0.953125 0.02109375 0.0125
0 0.25390625 0.9609375 0.01875 0.01875
0 0.2546875 0.834375 0.00859375 0.028125
0 0.27265625 0.7875 0.0078125 0.028125
0 0.2171875 0.92578125 0.01484375 0.02734375
0 0.4359375 0.34921875 0.01484375 0.0140625
0 0.40703125 0.31796875 0.0078125 0.02265625
0 0.5171875 0.3171875 0.00546875 0.02578125
0 0.5359375 0.3296875 0.01796875 0.01484375
0 0.42421875 0.2796875 0.0171875 0.01484375
0 0.5421875 0.2859375 0.015625 0.01015625
0 0.6078125 0.3453125 0.01953125 0.01796875
0 0.83671875 0.4140625 0.01953125 0.01484375