0 0.43359375 0.08046875 0.01640625 0.0265625
0 0.28203125 0.1875 0.0296875 0.01796875
0 0.2578125 0.33046875 0.01328125 0.0390625
0 0.51484375 0.4171875 0.009375 0.0359375
0 0.16640625 0.35625 0.02109375 0.02109375
0 0.15 0.634375 0.01328125 0.03984375
0 0.23203125 0.64296875 0.02109375 0.03359375
0 0.14296875 0.72421875 0.02265625 0.028125
0 0.14140625 0.8015625 0.01796875 0.03125
0 0.18046875 0.8109375 0.01875 0.0203125
0 0.2328125 0.83984375 0.02109375 0.02578125
0 0.24609375 0.9015625 0.015625 0.03515625
0 0.2109375 0.89765625 0.01796875 0.025
0 0.2171875 0.9125 0.01484375 0.0296875
0 0.16875 0.96484375 0.01328125 0.02421875
0 0.21015625 0.9671875 0.01796875 0.025
0 0.19453125 0.9796875 0.01875 0.01875
0 0.2484375 0.9734375 0.015625 0.01875
0 0.2625 0.97421875 0.0140625 0.02265625
0 0.353125 0.771875 0.0125 0.03203125
0 0.33359375 0.84921875 0.0203125 0.0203125
0 0.446875 0.9359375 0.0109375 0.03203125
0 0.40703125 0.946875 0.0171875 0.03125
0 0.3375 0.96171875 0.01796875 0.01796875
0 0.43046875 0.8015625 0.021875 0.0203125