0 0.65078125 0.021875 0.0203125 0.01328125
0 0.6 0.10859375 0.01484375 0.021875
0 0.71953125 0.14296875 0.01953125 0.021875
0 0.6328125 0.1703125 0.0140625 0.0203125
0 0.61171875 0.225 0.01484375 0.021875
0 0.6453125 0.25859375 0.01953125 0.0203125
0 0.61484375 0.26484375 0.00859375 0.0296875
0 0.73046875 0.265625 0.01953125 0.015625
0 0.75859375 0.26328125 0.01875 0.0125
0 0.73828125 0.38125 0.00859375 0.028125
0 0.78984375 0.09140625 0.01953125 0.02109375
0 0.78515625 0.30546875 0.0171875 0.0171875
0 0.71875 0.4171875 0.01171875 0.025
0 0.63984375 0.42578125 0.01953125 0.0125
0 0.58671875 0.23828125 0.01171875 0.02109375
0 0.5953125 0.24765625 0.01875 0.0109375
0 0.59921875 0.5546875 0.01328125 0.01796875
0 0.59375 0.646875 0.0140625 0.01015625
0 0.43515625 0.6609375 0.00859375 0.0171875
0 0.68515625 0.6390625 0.01171875 0.01875