0 0.79375 0.01484375 0.0234375 0.02421875
0 0.80078125 0.04609375 0.02109375 0.02265625
0 0.8625 0.040625 0.02421875 0.025
0 0.86484375 0.05859375 0.0234375 0.01796875
0 0.815625 0.08671875 0.01953125 0.03125
0 0.88125 0.16328125 0.0125 0.02734375
0 0.8953125 0.20546875 0.02109375 0.01171875
0 0.9046875 0.234375 0.0234375 0.02421875
0 0.53984375 0.33046875 0.01328125 0.03203125
0 0.55625 0.353125 0.01796875 0.03125
0 0.54140625 0.43046875 0.0234375 0.01484375
0 0.528125 0.44921875 0.00859375 0.034375