0 0.3546875 0.23828125 0.01875 0.009375
0 0.37890625 0.3875 0.01484375 0.0234375
0 0.37109375 0.4953125 0.0171875 0.009375
0 0.534375 0.54453125 0.009375 0.0203125
0 0.4109375 0.0359375 0.0171875 0.02109375
0 0.37265625 0.05859375 0.01640625 0.028125
0 0.4015625 0.078125 0.009375 0.0296875
0 0.421875 0.06171875 0.0171875 0.01640625
0 0.434375 0.05546875 0.0125 0.02578125
0 0.2828125 0.046875 0.02109375 0.0125
0 0.25390625 0.0390625 0.01875 0.01875
0 0.2546875 0.165625 0.00859375 0.028125
0 0.27265625 0.2125 0.0078125 0.028125
0 0.2171875 0.07421875 0.01484375 0.02734375
0 0.4359375 0.65078125 0.01484375 0.0140625
0 0.40703125 0.68203125 0.0078125 0.02265625
0 0.5171875 0.6828125 0.00546875 0.02578125
0 0.5359375 0.6703125 0.01796875 0.01484375
0 0.42421875 0.7203125 0.0171875 0.01484375
0 0.5421875 0.7140625 0.015625 0.01015625
0 0.6078125 0.6546875 0.01953125 0.01796875
0 0.83671875 0.5859375 0.01953125 0.01484375