0 0.13515625 0.0984375 0.01328125 0.03125
0 0.321875 0.06171875 0.0171875 0.040625
0 0.3171875 0.1015625 0.01875 0.03125
0 0.3109375 0.1515625 0.01875 0.0234375
0 0.1328125 0.196875 0.021875 0.02265625
0 0.3390625 0.2890625 0.0140625 0.03515625
0 0.28515625 0.2515625 0.01953125 0.0296875
0 0.27890625 0.26796875 0.0171875 0.0375
0 0.15625 0.32578125 0.01875 0.02421875
0 0.19296875 0.35859375 0.015625 0.03203125
0 0.2328125 0.3421875 0.015625 0.03125
0 0.24921875 0.34296875 0.0203125 0.021875
0 0.2875 0.334375 0.02265625 0.02265625
0 0.3328125 0.33828125 0.01484375 0.02578125
0 0.284375 0.41953125 0.0234375 0.028125
0 0.34609375 0.40234375 0.01796875 0.0265625
0 0.36484375 0.39765625 0.01640625 0.04140625
0 0.15859375 0.5453125 0.02578125 0.025
0 0.35703125 0.89296875 0.01875 0.02109375
0 0.32578125 0.95390625 0.015625 0.02734375
0 0.24453125 0.93828125 0.0140625 0.03046875
0 0.6421875 0.38125 0.0171875 0.0265625
0 0.65546875 0.4328125 0.00859375 0.0328125
0 0.7109375 0.3609375 0.02109375 0.028125
0 0.71875 0.31640625 0.0171875 0.03359375
0 0.05546875 0.134375 0.0234375 0.02265625
0 0.0734375 0.1453125 0.02734375 0.01875
0 0.065625 0.26015625 0.028125 0.0140625
0 0.009375 0.30234375 0.015625 0.03671875
0 0.04140625 0.2921875 0.01328125 0.03671875
0 0.03671875 0.31328125 0.0265625 0.0234375
0 0.0484375 0.340625 0.02578125 0.0171875
0 0.028125 0.403125 0.02265625 0.02265625