0 0.11015625 0.94296875 0.0171875 0.0296875
0 0.1984375 0.80625 0.025 0.01875
0 0.27890625 0.79375 0.02421875 0.02265625
0 0.2578125 0.740625 0.0265625 0.01640625
0 0.18984375 0.6828125 0.015625 0.03125
0 0.3734375 0.6984375 0.0171875 0.03203125
0 0.05625 0.8203125 0.025 0.0203125
0 0.17578125 0.6328125 0.02265625 0.01875
0 0.21328125 0.63828125 0.01953125 0.0265625
0 0.1765625 0.59765625 0.025 0.01640625
0 0.17265625 0.5296875 0.0234375 0.01953125
0 0.16640625 0.50703125 0.01953125 0.025
0 0.30390625 0.58125 0.01484375 0.034375
0 0.36875 0.57734375 0.01796875 0.02578125
0 0.40859375 0.54765625 0.021875 0.02109375
0 0.440625 0.3703125 0.02578125 0.01640625
0 0.27734375 0.4328125 0.0125 0.034375
0 0.271875 0.346875 0.01328125 0.028125
0 0.20546875 0.434375 0.02734375 0.01953125
0 0.215625 0.41875 0.0234375 0.02109375
0 0.2671875 0.2859375 0.02578125 0.01953125
0 0.3234375 0.2796875 0.0109375 0.034375
0 0.42109375 0.26796875 0.01953125 0.02734375
0 0.6046875 0.31171875 0.021875 0.01171875
0 0.5640625 0.22265625 0.02265625 0.0125
0 0.0984375 0.4859375 0.0203125 0.0328125
0 0.15703125 0.4453125 0.01171875 0.034375
0 0.13671875 0.42578125 0.0140625 0.034375
0 0.140625 0.38046875 0.02421875 0.01953125
0 0.13828125 0.325 0.02578125 0.02109375
0 0.03125 0.35546875 0.02734375 0.0203125
0 0.6203125 0.653125 0.01796875 0.01640625
0 0.7546875 0.44609375 0.01953125 0.015625
0 0.75 0.303125 0.01796875 0.0109375
0 0.6609375 0.24140625 0.01875 0.0203125
0 0.95859375 0.34375 0.01484375 0.02265625
0 0.95078125 0.30546875 0.0109375 0.03203125
0 0.81328125 0.1953125 0.0140625 0.02421875
0 0.984375 0.059375 0.01875 0.02421875