0 0.68125 0.70390625 0.0109375 0.03984375
0 0.63515625 0.67890625 0.0171875 0.028125
0 0.584375 0.69609375 0.0140625 0.025
0 0.6609375 0.63125 0.0125 0.02578125
0 0.6171875 0.62265625 0.0125 0.028125
0 0.69296875 0.5828125 0.0125 0.03125
0 0.52265625 0.54765625 0.02265625 0.0140625
0 0.58984375 0.503125 0.02109375 0.01640625
0 0.78828125 0.56015625 0.01328125 0.0234375
0 0.4140625 0.4953125 0.0171875 0.0296875
0 0.47265625 0.3 0.00859375 0.03984375
0 0.51328125 0.27421875 0.00859375 0.0265625
0 0.53671875 0.23828125 0.00859375 0.028125
0 0.459375 0.23125 0.01640625 0.02109375
0 0.42109375 0.22109375 0.01015625 0.02734375
0 0.66640625 0.2453125 0.01328125 0.021875
0 0.596875 0.18046875 0.02265625 0.01640625
0 0.68828125 0.159375 0.02109375 0.01875
0 0.22578125 0.22109375 0.0234375 0.01875
0 0.2390625 0.1578125 0.0171875 0.01796875
0 0.4265625 0.14453125 0.0125 0.03203125
0 0.74375 0.11953125 0.0203125 0.015625
0 0.57109375 0.09140625 0.01328125 0.0265625
0 0.59609375 0.03984375 0.01953125 0.0171875
0 0.7109375 0.03515625 0.01875 0.015625
0 0.278125 0.0703125 0.025 0.01640625
0 0.1859375 0.0390625 0.02421875 0.0171875
0 0.1296875 0.02109375 0.02109375 0.021875