0 0.56640625 0.08046875 0.01640625 0.0265625
0 0.71796875 0.1875 0.0296875 0.01796875
0 0.7421875 0.33046875 0.01328125 0.0390625
0 0.48515625 0.4171875 0.009375 0.0359375
0 0.83359375 0.35625 0.02109375 0.02109375
0 0.85 0.634375 0.01328125 0.03984375
0 0.76796875 0.64296875 0.02109375 0.03359375
0 0.85703125 0.72421875 0.02265625 0.028125
0 0.85859375 0.8015625 0.01796875 0.03125
0 0.81953125 0.8109375 0.01875 0.0203125
0 0.7671875 0.83984375 0.02109375 0.02578125
0 0.75390625 0.9015625 0.015625 0.03515625
0 0.7890625 0.89765625 0.01796875 0.025
0 0.7828125 0.9125 0.01484375 0.0296875
0 0.83125 0.96484375 0.01328125 0.02421875
0 0.78984375 0.9671875 0.01796875 0.025
0 0.80546875 0.9796875 0.01875 0.01875
0 0.7515625 0.9734375 0.015625 0.01875
0 0.7375 0.97421875 0.0140625 0.02265625
0 0.646875 0.771875 0.0125 0.03203125
0 0.66640625 0.84921875 0.0203125 0.0203125
0 0.553125 0.9359375 0.0109375 0.03203125
0 0.59296875 0.946875 0.0171875 0.03125
0 0.6625 0.96171875 0.01796875 0.01796875
0 0.56953125 0.8015625 0.021875 0.0203125