0 0.1328125 0.22890625 0.0234375 0.01171875
0 0.271875 0.23671875 0.02265625 0.01640625
0 0.3484375 0.08671875 0.02265625 0.021875
0 0.05 0.28203125 0.01953125 0.0203125
0 0.06171875 0.3453125 0.0203125 0.0203125
0 0.08515625 0.4390625 0.01484375 0.0265625
0 0.03046875 0.4625 0.01875 0.01015625
0 0.0140625 0.5078125 0.01484375 0.0234375
0 0.0484375 0.509375 0.02109375 0.01484375
0 0.0390625 0.53515625 0.01484375 0.01875
0 0.06015625 0.53671875 0.009375 0.025
0 0.06953125 0.5390625 0.01328125 0.02265625