0 0.1296875 0.03359375 0.01328125 0.040625
0 0.10078125 0.08046875 0.015625 0.03671875
0 0.14609375 0.096875 0.0109375 0.034375
0 0.16484375 0.0734375 0.0125 0.04140625
0 0.2296875 0.09765625 0.00859375 0.0359375
0 0.18203125 0.11796875 0.0125 0.0375
0 0.19609375 0.26484375 0.01640625 0.03359375
0 0.37578125 0.2796875 0.02578125 0.0140625
0 0.44453125 0.09765625 0.021875 0.02109375
0 0.434375 0.18046875 0.01484375 0.025
0 0.49296875 0.3296875 0.0234375 0.01328125
0 0.56328125 0.359375 0.02109375 0.02421875
0 0.5359375 0.40546875 0.025 0.01484375
0 0.63671875 0.471875 0.01953125 0.02890625
0 0.553125 0.56171875 0.0125 0.040625
0 0.61328125 0.5859375 0.015625 0.0265625
0 0.46796875 0.44375 0.01875 0.02890625
0 0.48125 0.4875 0.01953125 0.01953125
0 0.4484375 0.48359375 0.02265625 0.01640625
0 0.44375 0.51328125 0.0234375 0.0171875
0 0.43125 0.575 0.021875 0.01875
0 0.36171875 0.59375 0.02109375 0.0234375
0 0.42265625 0.59453125 0.01796875 0.021875
0 0.03828125 0.146875 0.0296875 0.02265625
0 0.065625 0.25234375 0.01796875 0.0375
0 0.0375 0.31796875 0.02578125 0.01796875
0 0.0453125 0.37578125 0.03046875 0.01875
0 0.2421875 0.3765625 0.0234375 0.0140625
0 0.290625 0.6890625 0.01875 0.02421875
0 0.4046875 0.646875 0.0109375 0.03203125
0 0.3859375 0.6578125 0.0125 0.0296875
0 0.3828125 0.6984375 0.02265625 0.01875
0 0.44609375 0.6703125 0.0234375 0.0203125
0 0.45078125 0.6859375 0.02265625 0.0171875
0 0.5078125 0.69453125 0.0078125 0.03125
0 0.490625 0.76953125 0.0125 0.0265625
0 0.4796875 0.82421875 0.025 0.01640625
0 0.52578125 0.84609375 0.01171875 0.028125
0 0.378125 0.746875 0.02265625 0.0171875
0 0.65625 0.61953125 0.025 0.01953125
0 0.871875 0.5828125 0.0171875 0.01953125
0 0.64921875 0.8 0.01796875 0.02109375
0 0.79609375 0.91015625 0.02421875 0.01875
0 0.61796875 0.88203125 0.02421875 0.02109375
0 0.740625 0.9796875 0.02578125 0.021875
0 0.9734375 0.83046875 0.02578125 0.0140625
0 0.94140625 0.96953125 0.01953125 0.01796875