0 0.4765625 0.64453125 0.021875 0.01953125
0 0.446875 0.571875 0.0203125 0.02578125
0 0.52265625 0.44765625 0.009375 0.03046875
0 0.44921875 0.3875 0.01953125 0.02421875
0 0.50859375 0.32890625 0.0203125 0.01484375
0 0.36171875 0.5625 0.0140625 0.03359375
0 0.35625 0.49140625 0.0203125 0.02578125
0 0.3578125 0.40703125 0.01171875 0.028125
0 0.01640625 0.67109375 0.03125 0.015625
0 0.01328125 0.5421875 0.01484375 0.03671875
0 0.065625 0.4984375 0.0125 0.034375
0 0.02734375 0.48203125 0.01796875 0.0328125
0 0.115625 0.440625 0.01171875 0.04140625
0 0.090625 0.44609375 0.028125 0.01171875
0 0.18125 0.36953125 0.0140625 0.03046875
0 0.084375 0.33515625 0.02109375 0.03359375
0 0.1640625 0.28046875 0.0171875 0.02578125
0 0.11953125 0.11875 0.0234375 0.0265625
0 0.1734375 0.103125 0.01796875 0.02578125
0 0.875 0.18203125 0.02265625 0.0140625
0 0.228125 0.03515625 0.02421875 0.01796875
0 0.00703125 0.02734375 0.0140625 0.034375