0 0.6453125 0.23828125 0.01875 0.009375
0 0.62109375 0.3875 0.01484375 0.0234375
0 0.62890625 0.4953125 0.0171875 0.009375
0 0.465625 0.54453125 0.009375 0.0203125
0 0.5890625 0.0359375 0.0171875 0.02109375
0 0.62734375 0.05859375 0.01640625 0.028125
0 0.5984375 0.078125 0.009375 0.0296875
0 0.578125 0.06171875 0.0171875 0.01640625
0 0.565625 0.05546875 0.0125 0.02578125
0 0.7171875 0.046875 0.02109375 0.0125
0 0.74609375 0.0390625 0.01875 0.01875
0 0.7453125 0.165625 0.00859375 0.028125
0 0.72734375 0.2125 0.0078125 0.028125
0 0.7828125 0.07421875 0.01484375 0.02734375
0 0.5640625 0.65078125 0.01484375 0.0140625
0 0.59296875 0.68203125 0.0078125 0.02265625
0 0.4828125 0.6828125 0.00546875 0.02578125
0 0.4640625 0.6703125 0.01796875 0.01484375
0 0.57578125 0.7203125 0.0171875 0.01484375
0 0.4578125 0.7140625 0.015625 0.01015625
0 0.3921875 0.6546875 0.01953125 0.01796875
0 0.16328125 0.5859375 0.01953125 0.01484375