0 0.91328125 0.18359375 0.01953125 0.05
0 0.9296875 0.3171875 0.0265625 0.03828125
0 0.8015625 0.3625 0.034375 0.0328125
0 0.81640625 0.55078125 0.02421875 0.0234375
0 0.775 0.68359375 0.01953125 0.040625
0 0.75703125 0.6484375 0.03046875 0.02734375
0 0.71953125 0.59609375 0.02890625 0.03515625
0 0.5015625 0.2546875 0.0296875 0.0234375
0 0.5953125 0.1109375 0.0265625 0.0296875
0 0.2734375 0.0484375 0.01640625 0.0484375
0 0.1984375 0.07421875 0.01640625 0.03984375
0 0.0578125 0.06875 0.0265625 0.0421875
0 0.1390625 0.28828125 0.02890625 0.02734375