0 0.515625 0.20390625 0.009375 0.03828125
0 0.25703125 0.1453125 0.0109375 0.03984375
0 0.1734375 0.17890625 0.025 0.0203125
0 0.1671875 0.45859375 0.01328125 0.034375
0 0.24375 0.4609375 0.02109375 0.03359375
0 0.1609375 0.553125 0.01875 0.03203125
0 0.36875 0.5921875 0.0125 0.0328125
0 0.44765625 0.621875 0.0234375 0.01796875
0 0.35234375 0.67578125 0.021875 0.02109375
0 0.165625 0.63359375 0.01640625 0.03203125
0 0.2015625 0.64296875 0.01796875 0.01875
0 0.25234375 0.66875 0.0203125 0.028125
0 0.26953125 0.73515625 0.0140625 0.03671875
0 0.234375 0.73359375 0.01484375 0.0265625
0 0.24140625 0.74921875 0.0140625 0.028125
0 0.47265625 0.7671875 0.0125 0.03359375
0 0.43515625 0.7796875 0.0203125 0.03359375
0 0.3625 0.7984375 0.01953125 0.02109375
0 0.3796875 0.8390625 0.025 0.02109375
0 0.43984375 0.88203125 0.01875 0.0265625
0 0.3296875 0.82734375 0.01328125 0.0265625
0 0.3484375 0.84375 0.01171875 0.03046875
0 0.2890625 0.8125 0.0140625 0.02578125
0 0.27578125 0.81015625 0.015625 0.02578125
0 0.25 0.8765625 0.01953125 0.0203125
0 0.23828125 0.80625 0.01796875 0.028125
0 0.2234375 0.82109375 0.01953125 0.021875
0 0.1984375 0.8046875 0.01171875 0.02578125
0 0.13671875 0.8390625 0.01328125 0.02265625
0 0.165625 0.92265625 0.0109375 0.028125