0 0.81171875 0.053125 0.01875 0.0171875
0 0.8859375 0.03359375 0.0125 0.03046875
0 0.90625 0.05 0.0140625 0.02734375
0 0.915625 0.1734375 0.0203125 0.021875
0 0.8234375 0.21484375 0.0140625 0.02109375
0 0.8609375 0.26484375 0.0171875 0.01640625
0 0.8078125 0.21171875 0.0109375 0.03125
0 0.7859375 0.25234375 0.0125 0.01484375
0 0.8171875 0.25859375 0.00859375 0.028125
0 0.78203125 0.2640625 0.01484375 0.01953125
0 0.959375 0.11171875 0.02265625 0.0109375
0 0.95625 0.16953125 0.01796875 0.02265625
0 0.86875 0.42578125 0.01875 0.0125
0 0.92421875 0.46015625 0.01875 0.01640625
0 0.88515625 0.58828125 0.02109375 0.0140625
0 0.9140625 0.76328125 0.0171875 0.0171875
0 0.9453125 0.76015625 0.01328125 0.02578125
0 0.9640625 0.7453125 0.01875 0.01484375
0 0.78359375 0.73359375 0.00859375 0.02421875
0 0.790625 0.8953125 0.0125 0.028125
0 0.8609375 0.840625 0.01875 0.01640625
0 0.81953125 0.38125 0.01953125 0.01953125
0 0.978125 0.29375 0.01953125 0.0140625
0 0.97734375 0.31171875 0.02109375 0.01796875