0 0.31875 0.70390625 0.0109375 0.03984375
0 0.36484375 0.67890625 0.0171875 0.028125
0 0.415625 0.69609375 0.0140625 0.025
0 0.3390625 0.63125 0.0125 0.02578125
0 0.3828125 0.62265625 0.0125 0.028125
0 0.30703125 0.5828125 0.0125 0.03125
0 0.47734375 0.54765625 0.02265625 0.0140625
0 0.41015625 0.503125 0.02109375 0.01640625
0 0.21171875 0.56015625 0.01328125 0.0234375
0 0.5859375 0.4953125 0.0171875 0.0296875
0 0.52734375 0.3 0.00859375 0.03984375
0 0.48671875 0.27421875 0.00859375 0.0265625
0 0.46328125 0.23828125 0.00859375 0.028125
0 0.540625 0.23125 0.01640625 0.02109375
0 0.57890625 0.22109375 0.01015625 0.02734375
0 0.33359375 0.2453125 0.01328125 0.021875
0 0.403125 0.18046875 0.02265625 0.01640625
0 0.31171875 0.159375 0.02109375 0.01875
0 0.77421875 0.22109375 0.0234375 0.01875
0 0.7609375 0.1578125 0.0171875 0.01796875
0 0.5734375 0.14453125 0.0125 0.03203125
0 0.25625 0.11953125 0.0203125 0.015625
0 0.42890625 0.09140625 0.01328125 0.0265625
0 0.40390625 0.03984375 0.01953125 0.0171875
0 0.2890625 0.03515625 0.01875 0.015625
0 0.721875 0.0703125 0.025 0.01640625
0 0.8140625 0.0390625 0.02421875 0.0171875
0 0.8703125 0.02109375 0.02109375 0.021875