0 0.34921875 0.021875 0.0203125 0.01328125
0 0.4 0.10859375 0.01484375 0.021875
0 0.28046875 0.14296875 0.01953125 0.021875
0 0.3671875 0.1703125 0.0140625 0.0203125
0 0.38828125 0.225 0.01484375 0.021875
0 0.3546875 0.25859375 0.01953125 0.0203125
0 0.38515625 0.26484375 0.00859375 0.0296875
0 0.26953125 0.265625 0.01953125 0.015625
0 0.24140625 0.26328125 0.01875 0.0125
0 0.26171875 0.38125 0.00859375 0.028125
0 0.21015625 0.09140625 0.01953125 0.02109375
0 0.21484375 0.30546875 0.0171875 0.0171875
0 0.28125 0.4171875 0.01171875 0.025
0 0.36015625 0.42578125 0.01953125 0.0125
0 0.41328125 0.23828125 0.01171875 0.02109375
0 0.4046875 0.24765625 0.01875 0.0109375
0 0.40078125 0.5546875 0.01328125 0.01796875
0 0.40625 0.646875 0.0140625 0.01015625
0 0.56484375 0.6609375 0.00859375 0.0171875
0 0.31484375 0.6390625 0.01171875 0.01875