0 0.8375 0.97421875 0.0140625 0.0265625
0 0.87578125 0.9734375 0.0171875 0.01875
0 0.93203125 0.61484375 0.01171875 0.02578125
0 0.89140625 0.5859375 0.0078125 0.02421875
0 0.85234375 0.546875 0.0078125 0.0296875
0 0.8125 0.45078125 0.0140625 0.02734375
0 0.82265625 0.41328125 0.021875 0.0171875
0 0.85546875 0.33203125 0.01171875 0.02109375
0 0.88671875 0.30703125 0.01328125 0.0234375
0 0.8921875 0.3265625 0.0109375 0.0296875
0 0.87578125 0.3390625 0.021875 0.01953125
0 0.87265625 0.34921875 0.01875 0.01484375
0 0.7953125 0.1421875 0.0109375 0.01484375
0 0.72578125 0.09296875 0.01015625 0.021875
0 0.68671875 0.03828125 0.01484375 0.0203125
0 0.7421875 0.0375 0.01875 0.01875
0 0.653125 0.2609375 0.00859375 0.02578125