0 0.20625 0.98515625 0.0234375 0.02421875
0 0.19921875 0.95390625 0.02109375 0.02265625
0 0.1375 0.959375 0.02421875 0.025
0 0.13515625 0.94140625 0.0234375 0.01796875
0 0.184375 0.91328125 0.01953125 0.03125
0 0.11875 0.83671875 0.0125 0.02734375
0 0.1046875 0.79453125 0.02109375 0.01171875
0 0.0953125 0.765625 0.0234375 0.02421875
0 0.46015625 0.66953125 0.01328125 0.03203125
0 0.44375 0.646875 0.01796875 0.03125
0 0.45859375 0.56953125 0.0234375 0.01484375
0 0.471875 0.55078125 0.00859375 0.034375