0 0.08671875 0.81640625 0.01953125 0.05
0 0.0703125 0.6828125 0.0265625 0.03828125
0 0.1984375 0.6375 0.034375 0.0328125
0 0.18359375 0.44921875 0.02421875 0.0234375
0 0.225 0.31640625 0.01953125 0.040625
0 0.24296875 0.3515625 0.03046875 0.02734375
0 0.28046875 0.40390625 0.02890625 0.03515625
0 0.4984375 0.7453125 0.0296875 0.0234375
0 0.4046875 0.8890625 0.0265625 0.0296875
0 0.7265625 0.9515625 0.01640625 0.0484375
0 0.8015625 0.92578125 0.01640625 0.03984375
0 0.9421875 0.93125 0.0265625 0.0421875
0 0.8609375 0.71171875 0.02890625 0.02734375