0 0.9546875 0.8 0.0375 0.01875
0 0.978125 0.27890625 0.03359375 0.03046875
0 0.96953125 0.2421875 0.02421875 0.046875
0 0.86953125 0.23671875 0.02265625 0.04609375
0 0.82578125 0.340625 0.02734375 0.04140625
0 0.803125 0.21796875 0.03359375 0.0296875
0 0.73828125 0.14921875 0.02265625 0.034375
0 0.865625 0.075 0.03046875 0.0328125
0 0.65234375 0.4109375 0.0234375 0.03828125
0 0.56328125 0.48359375 0.02109375 0.0421875
0 0.55703125 0.52421875 0.0296875 0.0265625
0 0.40234375 0.903125 0.01875 0.0375