0 0.69375 0.26796875 0.01953125 0.01484375
0 0.70546875 0.3453125 0.00546875 0.0265625
0 0.6109375 0.36640625 0.02109375 0.0171875
0 0.55390625 0.3984375 0.01015625 0.0265625
0 0.50859375 0.390625 0.01015625 0.02578125
0 0.49921875 0.44140625 0.0140625 0.02890625
0 0.58984375 0.4921875 0.01875 0.009375
0 0.42578125 0.49140625 0.01875 0.01328125
0 0.5515625 0.68046875 0.00546875 0.03203125
0 0.534375 0.75234375 0.01875 0.01796875
0 0.5546875 0.72421875 0.01796875 0.021875
0 0.59921875 0.7125 0.01484375 0.009375
0 0.56796875 0.70390625 0.01953125 0.01015625
0 0.55859375 0.69609375 0.02109375 0.0171875
0 0.49375 0.79921875 0.0125 0.0265625
0 0.49921875 0.8328125 0.0171875 0.015625
0 0.51640625 0.89609375 0.00546875 0.02265625
0 0.53515625 0.95234375 0.01640625 0.02109375