0 0.07890625 0.0359375 0.00859375 0.03046875
0 0.18671875 0.0453125 0.0234375 0.02421875
0 0.25546875 0.0765625 0.01171875 0.028125
0 0.30546875 0.06484375 0.009375 0.0328125
0 0.31171875 0.10859375 0.01796875 0.034375
0 0.2234375 0.18828125 0.01875 0.01171875
0 0.4046875 0.16953125 0.01875 0.01171875
0 0.2859375 0.40078125 0.009375 0.0390625
0 0.31484375 0.471875 0.01953125 0.0234375
0 0.359375 0.51640625 0.0140625 0.0265625
0 0.35703125 0.5578125 0.01875 0.0140625
0 0.27421875 0.415625 0.0234375 0.0109375
0 0.2640625 0.428125 0.0234375 0.01015625
0 0.284375 0.43984375 0.02109375 0.021875
0 0.2359375 0.43828125 0.01875 0.01328125
0 0.24140625 0.45078125 0.0078125 0.02109375
0 0.34609375 0.63046875 0.00859375 0.021875
0 0.3296875 0.6953125 0.0171875 0.01640625
0 0.3546875 0.93359375 0.01796875 0.015625
0 0.50078125 0.85859375 0.0171875 0.0140625
0 0.53125 0.871875 0.00859375 0.03046875
0 0.55078125 0.84609375 0.0140625 0.02109375
0 0.58515625 0.7984375 0.01640625 0.02265625