0 0.484375 0.20390625 0.009375 0.03828125
0 0.74296875 0.1453125 0.0109375 0.03984375
0 0.8265625 0.17890625 0.025 0.0203125
0 0.8328125 0.45859375 0.01328125 0.034375
0 0.75625 0.4609375 0.02109375 0.03359375
0 0.8390625 0.553125 0.01875 0.03203125
0 0.63125 0.5921875 0.0125 0.0328125
0 0.55234375 0.621875 0.0234375 0.01796875
0 0.64765625 0.67578125 0.021875 0.02109375
0 0.834375 0.63359375 0.01640625 0.03203125
0 0.7984375 0.64296875 0.01796875 0.01875
0 0.74765625 0.66875 0.0203125 0.028125
0 0.73046875 0.73515625 0.0140625 0.03671875
0 0.765625 0.73359375 0.01484375 0.0265625
0 0.75859375 0.74921875 0.0140625 0.028125
0 0.52734375 0.7671875 0.0125 0.03359375
0 0.56484375 0.7796875 0.0203125 0.03359375
0 0.6375 0.7984375 0.01953125 0.02109375
0 0.6203125 0.8390625 0.025 0.02109375
0 0.56015625 0.88203125 0.01875 0.0265625
0 0.6703125 0.82734375 0.01328125 0.0265625
0 0.6515625 0.84375 0.01171875 0.03046875
0 0.7109375 0.8125 0.0140625 0.02578125
0 0.72421875 0.81015625 0.015625 0.02578125
0 0.75 0.8765625 0.01953125 0.0203125
0 0.76171875 0.80625 0.01796875 0.028125
0 0.7765625 0.82109375 0.01953125 0.021875
0 0.8015625 0.8046875 0.01171875 0.02578125
0 0.86328125 0.8390625 0.01328125 0.02265625
0 0.834375 0.92265625 0.0109375 0.028125