0 0.11015625 0.05703125 0.0171875 0.0296875
0 0.1984375 0.19375 0.025 0.01875
0 0.27890625 0.20625 0.02421875 0.02265625
0 0.2578125 0.259375 0.0265625 0.01640625
0 0.18984375 0.3171875 0.015625 0.03125
0 0.3734375 0.3015625 0.0171875 0.03203125
0 0.05625 0.1796875 0.025 0.0203125
0 0.17578125 0.3671875 0.02265625 0.01875
0 0.21328125 0.36171875 0.01953125 0.0265625
0 0.1765625 0.40234375 0.025 0.01640625
0 0.17265625 0.4703125 0.0234375 0.01953125
0 0.16640625 0.49296875 0.01953125 0.025
0 0.30390625 0.41875 0.01484375 0.034375
0 0.36875 0.42265625 0.01796875 0.02578125
0 0.40859375 0.45234375 0.021875 0.02109375
0 0.440625 0.6296875 0.02578125 0.01640625
0 0.27734375 0.5671875 0.0125 0.034375
0 0.271875 0.653125 0.01328125 0.028125
0 0.20546875 0.565625 0.02734375 0.01953125
0 0.215625 0.58125 0.0234375 0.02109375
0 0.2671875 0.7140625 0.02578125 0.01953125
0 0.3234375 0.7203125 0.0109375 0.034375
0 0.42109375 0.73203125 0.01953125 0.02734375
0 0.6046875 0.68828125 0.021875 0.01171875
0 0.5640625 0.77734375 0.02265625 0.0125
0 0.0984375 0.5140625 0.0203125 0.0328125
0 0.15703125 0.5546875 0.01171875 0.034375
0 0.13671875 0.57421875 0.0140625 0.034375
0 0.140625 0.61953125 0.02421875 0.01953125
0 0.13828125 0.675 0.02578125 0.02109375
0 0.03125 0.64453125 0.02734375 0.0203125
0 0.6203125 0.346875 0.01796875 0.01640625
0 0.7546875 0.55390625 0.01953125 0.015625
0 0.75 0.696875 0.01796875 0.0109375
0 0.6609375 0.75859375 0.01875 0.0203125
0 0.95859375 0.65625 0.01484375 0.02265625
0 0.95078125 0.69453125 0.0109375 0.03203125
0 0.81328125 0.8046875 0.0140625 0.02421875
0 0.984375 0.940625 0.01875 0.02421875