0 0.8703125 0.03359375 0.01328125 0.040625
0 0.89921875 0.08046875 0.015625 0.03671875
0 0.85390625 0.096875 0.0109375 0.034375
0 0.83515625 0.0734375 0.0125 0.04140625
0 0.7703125 0.09765625 0.00859375 0.0359375
0 0.81796875 0.11796875 0.0125 0.0375
0 0.80390625 0.26484375 0.01640625 0.03359375
0 0.62421875 0.2796875 0.02578125 0.0140625
0 0.55546875 0.09765625 0.021875 0.02109375
0 0.565625 0.18046875 0.01484375 0.025
0 0.50703125 0.3296875 0.0234375 0.01328125
0 0.43671875 0.359375 0.02109375 0.02421875
0 0.4640625 0.40546875 0.025 0.01484375
0 0.36328125 0.471875 0.01953125 0.02890625
0 0.446875 0.56171875 0.0125 0.040625
0 0.38671875 0.5859375 0.015625 0.0265625
0 0.53203125 0.44375 0.01875 0.02890625
0 0.51875 0.4875 0.01953125 0.01953125
0 0.5515625 0.48359375 0.02265625 0.01640625
0 0.55625 0.51328125 0.0234375 0.0171875
0 0.56875 0.575 0.021875 0.01875
0 0.63828125 0.59375 0.02109375 0.0234375
0 0.57734375 0.59453125 0.01796875 0.021875
0 0.96171875 0.146875 0.0296875 0.02265625
0 0.934375 0.25234375 0.01796875 0.0375
0 0.9625 0.31796875 0.02578125 0.01796875
0 0.9546875 0.37578125 0.03046875 0.01875
0 0.7578125 0.3765625 0.0234375 0.0140625
0 0.709375 0.6890625 0.01875 0.02421875
0 0.5953125 0.646875 0.0109375 0.03203125
0 0.6140625 0.6578125 0.0125 0.0296875
0 0.6171875 0.6984375 0.02265625 0.01875
0 0.55390625 0.6703125 0.0234375 0.0203125
0 0.54921875 0.6859375 0.02265625 0.0171875
0 0.4921875 0.69453125 0.0078125 0.03125
0 0.509375 0.76953125 0.0125 0.0265625
0 0.5203125 0.82421875 0.025 0.01640625
0 0.47421875 0.84609375 0.01171875 0.028125
0 0.621875 0.746875 0.02265625 0.0171875
0 0.34375 0.61953125 0.025 0.01953125
0 0.128125 0.5828125 0.0171875 0.01953125
0 0.35078125 0.8 0.01796875 0.02109375
0 0.20390625 0.91015625 0.02421875 0.01875
0 0.38203125 0.88203125 0.02421875 0.02109375
0 0.259375 0.9796875 0.02578125 0.021875
0 0.0265625 0.83046875 0.02578125 0.0140625
0 0.05859375 0.96953125 0.01953125 0.01796875