0 0.64921875 0.221875 0.00703125 0.025
0 0.809375 0.14140625 0.015625 0.015625
0 0.83515625 0.246875 0.0140625 0.02734375
0 0.90859375 0.3640625 0.01953125 0.01328125
0 0.984375 0.334375 0.01328125 0.025
0 0.90546875 0.5171875 0.01171875 0.025
0 0.921875 0.51796875 0.01328125 0.01640625
0 0.9625 0.56171875 0.01875 0.01484375
0 0.9171875 0.56171875 0.01171875 0.02890625
0 0.8828125 0.55703125 0.01640625 0.0140625
0 0.88125 0.5703125 0.01484375 0.0140625
0 0.9203125 0.6796875 0.02109375 0.0171875
0 0.97109375 0.71796875 0.021875 0.01328125