0 0.1 0.84609375 0.0265625 0.02109375
0 0.1671875 0.85859375 0.01484375 0.0359375
0 0.1828125 0.7953125 0.01875 0.03671875
0 0.21796875 0.81171875 0.0125 0.03828125
0 0.246875 0.76484375 0.0234375 0.01640625
0 0.27265625 0.77265625 0.01171875 0.0328125
0 0.2375 0.6453125 0.01953125 0.0359375
0 0.3296875 0.67734375 0.0140625 0.028125
0 0.31328125 0.58515625 0.0171875 0.02578125
0 0.1515625 0.421875 0.0125 0.03828125
0 0.16640625 0.3328125 0.0125 0.034375
0 0.20625 0.3 0.0125 0.0296875
0 0.27109375 0.4203125 0.01953125 0.02578125
0 0.32109375 0.4 0.02109375 0.02421875
0 0.378125 0.33046875 0.02265625 0.01484375
0 0.19296875 0.25234375 0.02421875 0.0140625
0 0.6296875 0.978125 0.021875 0.0203125
0 0.59765625 0.896875 0.01953125 0.02578125
0 0.51015625 0.8890625 0.01484375 0.03125
0 0.5046875 0.80625 0.021875 0.0265625
0 0.675 0.76171875 0.01171875 0.0328125
0 0.50703125 0.7125 0.01015625 0.03515625
0 0.596875 0.696875 0.021875 0.025
0 0.6609375 0.63203125 0.02265625 0.015625