0 0.8671875 0.22890625 0.0234375 0.01171875
0 0.728125 0.23671875 0.02265625 0.01640625
0 0.6515625 0.08671875 0.02265625 0.021875
0 0.95 0.28203125 0.01953125 0.0203125
0 0.93828125 0.3453125 0.0203125 0.0203125
0 0.91484375 0.4390625 0.01484375 0.0265625
0 0.96953125 0.4625 0.01875 0.01015625
0 0.9859375 0.5078125 0.01484375 0.0234375
0 0.9515625 0.509375 0.02109375 0.01484375
0 0.9609375 0.53515625 0.01484375 0.01875
0 0.93984375 0.53671875 0.009375 0.025
0 0.93046875 0.5390625 0.01328125 0.02265625