0 0.2890625 0.79921875 0.01953125 0.0265625
0 0.35546875 0.825 0.021875 0.01875
0 0.478125 0.8484375 0.01171875 0.034375
0 0.34765625 0.8046875 0.0171875 0.021875
0 0.33359375 0.75 0.0109375 0.034375
0 0.31484375 0.7359375 0.01171875 0.0328125
0 0.37265625 0.73046875 0.02421875 0.01875
0 0.38046875 0.71171875 0.02109375 0.01796875
0 0.4359375 0.7140625 0.01328125 0.034375
0 0.4234375 0.628125 0.01171875 0.028125
0 0.31328125 0.69375 0.0203125 0.01640625
0 0.22421875 0.69609375 0.01953125 0.0171875
0 0.30078125 0.64296875 0.02265625 0.0203125
0 0.38515625 0.965625 0.0171875 0.0296875
0 0.37109375 0.92265625 0.02734375 0.01953125
0 0.40234375 0.9203125 0.0171875 0.02265625
0 0.36640625 0.8875 0.02265625 0.01640625
0 0.559375 0.95234375 0.0171875 0.03203125
0 0.53984375 0.83203125 0.01640625 0.02734375
0 0.56171875 0.78828125 0.02734375 0.01875
0 0.58671875 0.6046875 0.025 0.01640625
0 0.55625 0.5078125 0.01953125 0.025
0 0.70390625 0.403125 0.02421875 0.01328125
0 0.76328125 0.484375 0.02421875 0.01875
0 0.821875 0.38046875 0.021875 0.03125
0 0.46171875 0.54765625 0.0109375 0.0296875
0 0.4125 0.571875 0.0234375 0.0125
0 0.82421875 0.8515625 0.0203125 0.02578125
0 0.96875 0.575 0.02734375 0.01953125
0 0.94296875 0.4109375 0.025 0.0171875
0 0.215625 0.2046875 0.02734375 0.01484375
0 0.07109375 0.31484375 0.01953125 0.03125
0 0.09765625 0.334375 0.025 0.01953125
0 0.10625 0.27109375 0.0171875 0.03203125