0 0.1 0.15390625 0.0265625 0.02109375
0 0.1671875 0.14140625 0.01484375 0.0359375
0 0.1828125 0.2046875 0.01875 0.03671875
0 0.21796875 0.18828125 0.0125 0.03828125
0 0.246875 0.23515625 0.0234375 0.01640625
0 0.27265625 0.22734375 0.01171875 0.0328125
0 0.2375 0.3546875 0.01953125 0.0359375
0 0.3296875 0.32265625 0.0140625 0.028125
0 0.31328125 0.41484375 0.0171875 0.02578125
0 0.1515625 0.578125 0.0125 0.03828125
0 0.16640625 0.6671875 0.0125 0.034375
0 0.20625 0.7 0.0125 0.0296875
0 0.27109375 0.5796875 0.01953125 0.02578125
0 0.32109375 0.6 0.02109375 0.02421875
0 0.378125 0.66953125 0.02265625 0.01484375
0 0.19296875 0.74765625 0.02421875 0.0140625
0 0.6296875 0.021875 0.021875 0.0203125
0 0.59765625 0.103125 0.01953125 0.02578125
0 0.51015625 0.1109375 0.01484375 0.03125
0 0.5046875 0.19375 0.021875 0.0265625
0 0.675 0.23828125 0.01171875 0.0328125
0 0.50703125 0.2875 0.01015625 0.03515625
0 0.596875 0.303125 0.021875 0.025
0 0.6609375 0.36796875 0.02265625 0.015625