0 0.0453125 0.2 0.0375 0.01875
0 0.021875 0.72109375 0.03359375 0.03046875
0 0.03046875 0.7578125 0.02421875 0.046875
0 0.13046875 0.76328125 0.02265625 0.04609375
0 0.17421875 0.659375 0.02734375 0.04140625
0 0.196875 0.78203125 0.03359375 0.0296875
0 0.26171875 0.85078125 0.02265625 0.034375
0 0.134375 0.925 0.03046875 0.0328125
0 0.34765625 0.5890625 0.0234375 0.03828125
0 0.43671875 0.51640625 0.02109375 0.0421875
0 0.44296875 0.47578125 0.0296875 0.0265625
0 0.59765625 0.096875 0.01875 0.0375