0 0.31875 0.29609375 0.0109375 0.03984375
0 0.36484375 0.32109375 0.0171875 0.028125
0 0.415625 0.30390625 0.0140625 0.025
0 0.3390625 0.36875 0.0125 0.02578125
0 0.3828125 0.37734375 0.0125 0.028125
0 0.30703125 0.4171875 0.0125 0.03125
0 0.47734375 0.45234375 0.02265625 0.0140625
0 0.41015625 0.496875 0.02109375 0.01640625
0 0.21171875 0.43984375 0.01328125 0.0234375
0 0.5859375 0.5046875 0.0171875 0.0296875
0 0.52734375 0.7 0.00859375 0.03984375
0 0.48671875 0.72578125 0.00859375 0.0265625
0 0.46328125 0.76171875 0.00859375 0.028125
0 0.540625 0.76875 0.01640625 0.02109375
0 0.57890625 0.77890625 0.01015625 0.02734375
0 0.33359375 0.7546875 0.01328125 0.021875
0 0.403125 0.81953125 0.02265625 0.01640625
0 0.31171875 0.840625 0.02109375 0.01875
0 0.77421875 0.77890625 0.0234375 0.01875
0 0.7609375 0.8421875 0.0171875 0.01796875
0 0.5734375 0.85546875 0.0125 0.03203125
0 0.25625 0.88046875 0.0203125 0.015625
0 0.42890625 0.90859375 0.01328125 0.0265625
0 0.40390625 0.96015625 0.01953125 0.0171875
0 0.2890625 0.96484375 0.01875 0.015625
0 0.721875 0.9296875 0.025 0.01640625
0 0.8140625 0.9609375 0.02421875 0.0171875
0 0.8703125 0.97890625 0.02109375 0.021875