0 0.4765625 0.35546875 0.021875 0.01953125
0 0.446875 0.428125 0.0203125 0.02578125
0 0.52265625 0.55234375 0.009375 0.03046875
0 0.44921875 0.6125 0.01953125 0.02421875
0 0.50859375 0.67109375 0.0203125 0.01484375
0 0.36171875 0.4375 0.0140625 0.03359375
0 0.35625 0.50859375 0.0203125 0.02578125
0 0.3578125 0.59296875 0.01171875 0.028125
0 0.01640625 0.32890625 0.03125 0.015625
0 0.01328125 0.4578125 0.01484375 0.03671875
0 0.065625 0.5015625 0.0125 0.034375
0 0.02734375 0.51796875 0.01796875 0.0328125
0 0.115625 0.559375 0.01171875 0.04140625
0 0.090625 0.55390625 0.028125 0.01171875
0 0.18125 0.63046875 0.0140625 0.03046875
0 0.084375 0.66484375 0.02109375 0.03359375
0 0.1640625 0.71953125 0.0171875 0.02578125
0 0.11953125 0.88125 0.0234375 0.0265625
0 0.1734375 0.896875 0.01796875 0.02578125
0 0.875 0.81796875 0.02265625 0.0140625
0 0.228125 0.96484375 0.02421875 0.01796875
0 0.00703125 0.97265625 0.0140625 0.034375