0 0.88984375 0.94296875 0.0171875 0.0296875
0 0.8015625 0.80625 0.025 0.01875
0 0.72109375 0.79375 0.02421875 0.02265625
0 0.7421875 0.740625 0.0265625 0.01640625
0 0.81015625 0.6828125 0.015625 0.03125
0 0.6265625 0.6984375 0.0171875 0.03203125
0 0.94375 0.8203125 0.025 0.0203125
0 0.82421875 0.6328125 0.02265625 0.01875
0 0.78671875 0.63828125 0.01953125 0.0265625
0 0.8234375 0.59765625 0.025 0.01640625
0 0.82734375 0.5296875 0.0234375 0.01953125
0 0.83359375 0.50703125 0.01953125 0.025
0 0.69609375 0.58125 0.01484375 0.034375
0 0.63125 0.57734375 0.01796875 0.02578125
0 0.59140625 0.54765625 0.021875 0.02109375
0 0.559375 0.3703125 0.02578125 0.01640625
0 0.72265625 0.4328125 0.0125 0.034375
0 0.728125 0.346875 0.01328125 0.028125
0 0.79453125 0.434375 0.02734375 0.01953125
0 0.784375 0.41875 0.0234375 0.02109375
0 0.7328125 0.2859375 0.02578125 0.01953125
0 0.6765625 0.2796875 0.0109375 0.034375
0 0.57890625 0.26796875 0.01953125 0.02734375
0 0.3953125 0.31171875 0.021875 0.01171875
0 0.4359375 0.22265625 0.02265625 0.0125
0 0.9015625 0.4859375 0.0203125 0.0328125
0 0.84296875 0.4453125 0.01171875 0.034375
0 0.86328125 0.42578125 0.0140625 0.034375
0 0.859375 0.38046875 0.02421875 0.01953125
0 0.86171875 0.325 0.02578125 0.02109375
0 0.96875 0.35546875 0.02734375 0.0203125
0 0.3796875 0.653125 0.01796875 0.01640625
0 0.2453125 0.44609375 0.01953125 0.015625
0 0.25 0.303125 0.01796875 0.0109375
0 0.3390625 0.24140625 0.01875 0.0203125
0 0.04140625 0.34375 0.01484375 0.02265625
0 0.04921875 0.30546875 0.0109375 0.03203125
0 0.18671875 0.1953125 0.0140625 0.02421875
0 0.015625 0.059375 0.01875 0.02421875