0 0.97265625 0.15234375 0.0140625 0.03125
0 0.9328125 0.178125 0.00859375 0.02421875
0 0.89296875 0.21640625 0.01015625 0.03203125
0 0.8515625 0.31171875 0.01484375 0.0265625
0 0.859375 0.35390625 0.02421875 0.01796875
0 0.89296875 0.44140625 0.0125 0.0265625
0 0.9140625 0.43359375 0.02421875 0.01875
0 0.93125 0.45625 0.009375 0.02578125
0 0.9234375 0.4734375 0.0125 0.025
0 0.89765625 0.4265625 0.0125 0.021875
0 0.91171875 0.425 0.01796875 0.015625
0 0.6875 0.509375 0.01015625 0.028125
0 0.759375 0.6953125 0.01171875 0.01875
0 0.71796875 0.75234375 0.01796875 0.0203125
0 0.77578125 0.75078125 0.01953125 0.01796875
0 0.82890625 0.6390625 0.0125 0.02109375
0 0.85390625 0.83203125 0.0125 0.0203125
0 0.8109375 0.928125 0.0125 0.028125
0 0.759375 0.90859375 0.0140625 0.03203125