0 0.271875 0.05703125 0.01484375 0.03984375
0 0.2890625 0.08359375 0.0328125 0.03203125
0 0.3265625 0.12734375 0.0265625 0.03515625
0 0.24140625 0.1828125 0.0296875 0.02421875
0 0.2640625 0.35703125 0.02734375 0.0296875
0 0.1546875 0.4125 0.02109375 0.04296875
0 0.01796875 0.41953125 0.02109375 0.0375
0 0.17265625 0.53203125 0.0140625 0.040625
0 0.4640625 0.578125 0.02421875 0.03359375
0 0.54921875 0.428125 0.028125 0.025
0 0.4734375 0.76171875 0.028125 0.02578125
0 0.4453125 0.84375 0.02421875 0.034375
0 0.59609375 0.79453125 0.0265625 0.0421875
0 0.7921875 0.61328125 0.0171875 0.04453125
0 0.6578125 0.73671875 0.02421875 0.0390625
0 0.93125 0.3515625 0.02890625 0.02734375
0 0.87421875 0.58046875 0.02578125 0.04921875