0 0.27421875 0.034375 0.0203125 0.0265625
0 0.27421875 0.06640625 0.0171875 0.02421875
0 0.253125 0.04765625 0.02734375 0.0140625
0 0.22734375 0.06484375 0.01875 0.01171875
0 0.23515625 0.08125 0.01015625 0.02734375
0 0.25 0.06328125 0.02265625 0.01640625
0 0.31640625 0.10234375 0.02109375 0.02109375
0 0.35703125 0.153125 0.0140625 0.02734375
0 0.3578125 0.2046875 0.02109375 0.01484375
0 0.34765625 0.28984375 0.0109375 0.0203125
0 0.33203125 0.35859375 0.01796875 0.0171875
0 0.3625 0.6265625 0.01796875 0.01171875
0 0.51640625 0.5578125 0.015625 0.01171875
0 0.5515625 0.57421875 0.01015625 0.03046875
0 0.571875 0.54921875 0.01484375 0.021875
0 0.46171875 0.73359375 0.00703125 0.0296875
0 0.42109375 0.7734375 0.0109375 0.02890625
0 0.609375 0.4953125 0.01953125 0.02421875
0 0.57734375 0.90234375 0.00625 0.021875
0 0.6203125 0.88359375 0.0140625 0.01171875
0 0.6421875 0.85625 0.0109375 0.01875
0 0.67578125 0.9203125 0.01328125 0.01640625
0 0.72421875 0.884375 0.0171875 0.0140625
0 0.7515625 0.86953125 0.01328125 0.02421875