0 0.8375 0.02578125 0.0140625 0.0265625
0 0.87578125 0.0265625 0.0171875 0.01875
0 0.93203125 0.38515625 0.01171875 0.02578125
0 0.89140625 0.4140625 0.0078125 0.02421875
0 0.85234375 0.453125 0.0078125 0.0296875
0 0.8125 0.54921875 0.0140625 0.02734375
0 0.82265625 0.58671875 0.021875 0.0171875
0 0.85546875 0.66796875 0.01171875 0.02109375
0 0.88671875 0.69296875 0.01328125 0.0234375
0 0.8921875 0.6734375 0.0109375 0.0296875
0 0.87578125 0.6609375 0.021875 0.01953125
0 0.87265625 0.65078125 0.01875 0.01484375
0 0.7953125 0.8578125 0.0109375 0.01484375
0 0.72578125 0.90703125 0.01015625 0.021875
0 0.68671875 0.96171875 0.01484375 0.0203125
0 0.7421875 0.9625 0.01875 0.01875
0 0.653125 0.7390625 0.00859375 0.02578125