0 0.97265625 0.84765625 0.0140625 0.03125
0 0.9328125 0.821875 0.00859375 0.02421875
0 0.89296875 0.78359375 0.01015625 0.03203125
0 0.8515625 0.68828125 0.01484375 0.0265625
0 0.859375 0.64609375 0.02421875 0.01796875
0 0.89296875 0.55859375 0.0125 0.0265625
0 0.9140625 0.56640625 0.02421875 0.01875
0 0.93125 0.54375 0.009375 0.02578125
0 0.9234375 0.5265625 0.0125 0.025
0 0.89765625 0.5734375 0.0125 0.021875
0 0.91171875 0.575 0.01796875 0.015625
0 0.6875 0.490625 0.01015625 0.028125
0 0.759375 0.3046875 0.01171875 0.01875
0 0.71796875 0.24765625 0.01796875 0.0203125
0 0.77578125 0.24921875 0.01953125 0.01796875
0 0.82890625 0.3609375 0.0125 0.02109375
0 0.85390625 0.16796875 0.0125 0.0203125
0 0.8109375 0.071875 0.0125 0.028125
0 0.759375 0.09140625 0.0140625 0.03203125