0 0.72578125 0.034375 0.0203125 0.0265625
0 0.72578125 0.06640625 0.0171875 0.02421875
0 0.746875 0.04765625 0.02734375 0.0140625
0 0.77265625 0.06484375 0.01875 0.01171875
0 0.76484375 0.08125 0.01015625 0.02734375
0 0.75 0.06328125 0.02265625 0.01640625
0 0.68359375 0.10234375 0.02109375 0.02109375
0 0.64296875 0.153125 0.0140625 0.02734375
0 0.6421875 0.2046875 0.02109375 0.01484375
0 0.65234375 0.28984375 0.0109375 0.0203125
0 0.66796875 0.35859375 0.01796875 0.0171875
0 0.6375 0.6265625 0.01796875 0.01171875
0 0.48359375 0.5578125 0.015625 0.01171875
0 0.4484375 0.57421875 0.01015625 0.03046875
0 0.428125 0.54921875 0.01484375 0.021875
0 0.53828125 0.73359375 0.00703125 0.0296875
0 0.57890625 0.7734375 0.0109375 0.02890625
0 0.390625 0.4953125 0.01953125 0.02421875
0 0.42265625 0.90234375 0.00625 0.021875
0 0.3796875 0.88359375 0.0140625 0.01171875
0 0.3578125 0.85625 0.0109375 0.01875
0 0.32421875 0.9203125 0.01328125 0.01640625
0 0.27578125 0.884375 0.0171875 0.0140625
0 0.2484375 0.86953125 0.01328125 0.02421875