0 0.2890625 0.20078125 0.01953125 0.0265625
0 0.35546875 0.175 0.021875 0.01875
0 0.478125 0.1515625 0.01171875 0.034375
0 0.34765625 0.1953125 0.0171875 0.021875
0 0.33359375 0.25 0.0109375 0.034375
0 0.31484375 0.2640625 0.01171875 0.0328125
0 0.37265625 0.26953125 0.02421875 0.01875
0 0.38046875 0.28828125 0.02109375 0.01796875
0 0.4359375 0.2859375 0.01328125 0.034375
0 0.4234375 0.371875 0.01171875 0.028125
0 0.31328125 0.30625 0.0203125 0.01640625
0 0.22421875 0.30390625 0.01953125 0.0171875
0 0.30078125 0.35703125 0.02265625 0.0203125
0 0.38515625 0.034375 0.0171875 0.0296875
0 0.37109375 0.07734375 0.02734375 0.01953125
0 0.40234375 0.0796875 0.0171875 0.02265625
0 0.36640625 0.1125 0.02265625 0.01640625
0 0.559375 0.04765625 0.0171875 0.03203125
0 0.53984375 0.16796875 0.01640625 0.02734375
0 0.56171875 0.21171875 0.02734375 0.01875
0 0.58671875 0.3953125 0.025 0.01640625
0 0.55625 0.4921875 0.01953125 0.025
0 0.70390625 0.596875 0.02421875 0.01328125
0 0.76328125 0.515625 0.02421875 0.01875
0 0.821875 0.61953125 0.021875 0.03125
0 0.46171875 0.45234375 0.0109375 0.0296875
0 0.4125 0.428125 0.0234375 0.0125
0 0.82421875 0.1484375 0.0203125 0.02578125
0 0.96875 0.425 0.02734375 0.01953125
0 0.94296875 0.5890625 0.025 0.0171875
0 0.215625 0.7953125 0.02734375 0.01484375
0 0.07109375 0.68515625 0.01953125 0.03125
0 0.09765625 0.665625 0.025 0.01953125
0 0.10625 0.72890625 0.0171875 0.03203125