0 0.89140625 0.4609375 0.2078125 0.29921875
0 0.28125 0.70625 0.15 0.17265625
0 0.640625 0.61484375 0.1515625 0.22421875
0 0.49140625 0.66796875 0.1234375 0.178125
0 0.059375 0.67734375 0.11875 0.15546875
0 0.15859375 0.80625 0.10234375 0.14765625
0 0.3375 0.8515625 0.0921875 0.13359375
0 0.86015625 0.3375 0.16171875 0.23828125
0 0.19453125 0.37734375 0.16953125 0.19296875
0 0.94765625 0.76953125 0.1046875 0.159375
0 0.76953125 0.70703125 0.15 0.18203125
0 0.23203125 0.875 0.040625 0.1109375
0 0.4984375 0.796875 0.1 0.08203125
0 0.5609375 0.8640625 0.07578125 0.07734375
0 0.0265625 0.40703125 0.053125 0.1921875
0 0.66953125 0.9015625 0.065625 0.12109375
0 0.909375 0.8765625 0.05859375 0.0828125
0 0.6890625 0.83828125 0.0546875 0.0796875
0 0.46328125 0.8765625 0.053125 0.12734375
0 0.4234375 0.87578125 0.059375 0.121875
0 0.5484375 0.80546875 0.05234375 0.0859375
0 0.3703125 0.609375 0.09921875 0.096875
0 0.778125 0.8421875 0.12421875 0.14609375
0 0.98203125 0.90078125 0.0359375 0.06796875
0 0.8703125 0.8359375 0.11015625 0.13359375
0 0.8546875 0.8796875 0.04453125 0.0625
0 0.12109375 0.865625 0.0484375 0.09609375