0 0.10859375 0.5390625 0.2078125 0.29921875
0 0.71875 0.29375 0.15 0.17265625
0 0.359375 0.38515625 0.1515625 0.22421875
0 0.50859375 0.33203125 0.1234375 0.178125
0 0.940625 0.32265625 0.11875 0.15546875
0 0.84140625 0.19375 0.10234375 0.14765625
0 0.6625 0.1484375 0.0921875 0.13359375
0 0.13984375 0.6625 0.16171875 0.23828125
0 0.80546875 0.62265625 0.16953125 0.19296875
0 0.05234375 0.23046875 0.1046875 0.159375
0 0.23046875 0.29296875 0.15 0.18203125
0 0.76796875 0.125 0.040625 0.1109375
0 0.5015625 0.203125 0.1 0.08203125
0 0.4390625 0.1359375 0.07578125 0.07734375
0 0.9734375 0.59296875 0.053125 0.1921875
0 0.33046875 0.0984375 0.065625 0.12109375
0 0.090625 0.1234375 0.05859375 0.0828125
0 0.3109375 0.16171875 0.0546875 0.0796875
0 0.53671875 0.1234375 0.053125 0.12734375
0 0.5765625 0.12421875 0.059375 0.121875
0 0.4515625 0.19453125 0.05234375 0.0859375
0 0.6296875 0.390625 0.09921875 0.096875
0 0.221875 0.1578125 0.12421875 0.14609375
0 0.01796875 0.09921875 0.0359375 0.06796875
0 0.1296875 0.1640625 0.11015625 0.13359375
0 0.1453125 0.1203125 0.04453125 0.0625
0 0.87890625 0.134375 0.0484375 0.09609375