0 0.334375 0.75546875 0.09140625 0.15546875
0 0.2015625 0.76484375 0.08515625 0.140625
0 0.1625 0.58828125 0.06171875 0.0859375
0 0.56875 0.65859375 0.0359375 0.10546875
0 0.4875 0.52734375 0.025 0.0609375
0 0.4046875 0.5140625 0.028125 0.065625
0 0.3578125 0.4375 0.03984375 0.040625
0 0.49140625 0.43046875 0.03203125 0.0390625
0 0.5890625 0.4359375 0.0359375 0.04140625
0 0.9640625 0.5703125 0.0328125 0.075
0 0.7984375 0.47890625 0.021875 0.05
0 0.68359375 0.4796875 0.0296875 0.06171875
0 0.828125 0.48125 0.03203125 0.0578125
0 0.73046875 0.378125 0.01796875 0.03828125
0 0.68203125 0.31796875 0.034375 0.03828125
0 0.6578125 0.359375 0.0484375 0.04296875
0 0.46484375 0.41328125 0.03203125 0.04375
0 0.23125 0.39609375 0.028125 0.04375
0 0.3203125 0.4109375 0.03203125 0.0484375
0 0.35078125 0.409375 0.02890625 0.05703125
0 0.2921875 0.3625 0.0359375 0.0453125
0 0.28125 0.3390625 0.0265625 0.04140625
0 0.23828125 0.32890625 0.025 0.0234375
0 0.2546875 0.3484375 0.03203125 0.04140625