0 0.665625 0.24453125 0.09140625 0.15546875
0 0.7984375 0.23515625 0.08515625 0.140625
0 0.8375 0.41171875 0.06171875 0.0859375
0 0.43125 0.34140625 0.0359375 0.10546875
0 0.5125 0.47265625 0.025 0.0609375
0 0.5953125 0.4859375 0.028125 0.065625
0 0.6421875 0.5625 0.03984375 0.040625
0 0.50859375 0.56953125 0.03203125 0.0390625
0 0.4109375 0.5640625 0.0359375 0.04140625
0 0.0359375 0.4296875 0.0328125 0.075
0 0.2015625 0.52109375 0.021875 0.05
0 0.31640625 0.5203125 0.0296875 0.06171875
0 0.171875 0.51875 0.03203125 0.0578125
0 0.26953125 0.621875 0.01796875 0.03828125
0 0.31796875 0.68203125 0.034375 0.03828125
0 0.3421875 0.640625 0.0484375 0.04296875
0 0.53515625 0.58671875 0.03203125 0.04375
0 0.76875 0.60390625 0.028125 0.04375
0 0.6796875 0.5890625 0.03203125 0.0484375
0 0.64921875 0.590625 0.02890625 0.05703125
0 0.7078125 0.6375 0.0359375 0.0453125
0 0.71875 0.6609375 0.0265625 0.04140625
0 0.76171875 0.67109375 0.025 0.0234375
0 0.7453125 0.6515625 0.03203125 0.04140625