0 0.62890625 0.3890625 0.096875 0.07109375
0 0.565625 0.13515625 0.228125 0.17890625
0 0.63671875 0.26796875 0.153125 0.1515625
0 0.35625 0.12890625 0.175 0.1296875
0 0.4421875 0.425 0.10859375 0.0796875
0 0.496875 0.35546875 0.10703125 0.11796875
0 0.853125 0.41484375 0.11171875 0.08984375
0 0.771875 0.4546875 0.06328125 0.0546875
0 0.25078125 0.2390625 0.1328125 0.1046875
0 0.77109375 0.39296875 0.0890625 0.078125
0 0.88984375 0.4859375 0.08125 0.06953125
0 0.7140625 0.278125 0.1296875 0.1140625
0 0.34296875 0.3875 0.0890625 0.07734375
0 0.93046875 0.5625 0.059375 0.0625
0 0.55390625 0.4625 0.06875 0.0640625
0 0.70859375 0.4375 0.08125 0.07109375
0 0.97890625 0.56796875 0.0421875 0.05078125
0 0.5015625 0.24765625 0.13046875 0.09609375
0 0.64453125 0.47265625 0.0734375 0.06171875
0 0.3453125 0.47265625 0.10390625 0.0890625
0 0.29296875 0.4609375 0.08671875 0.0703125
0 0.25234375 0.334375 0.096875 0.075
0 0.68984375 0.490625 0.07578125 0.0625
0 0.203125 0.503125 0.0671875 0.05625
0 0.49296875 0.43984375 0.07421875 0.0609375
0 0.19140625 0.35078125 0.09140625 0.08203125
0 0.8625 0.5484375 0.0578125 0.07109375
0 0.6390625 0.5828125 0.06328125 0.0421875
0 0.4421875 0.534375 0.0765625 0.05234375
0 0.44375 0.47890625 0.06171875 0.03984375
0 0.50390625 0.49921875 0.06796875 0.06015625
0 0.56796875 0.5421875 0.06171875 0.053125
0 0.215625 0.5859375 0.06484375 0.02890625
0 0.48828125 0.56953125 0.06796875 0.03671875
0 0.41015625 0.57421875 0.06796875 0.0328125