0 0.37109375 0.6109375 0.096875 0.07109375
0 0.434375 0.86484375 0.228125 0.17890625
0 0.36328125 0.73203125 0.153125 0.1515625
0 0.64375 0.87109375 0.175 0.1296875
0 0.5578125 0.575 0.10859375 0.0796875
0 0.503125 0.64453125 0.10703125 0.11796875
0 0.146875 0.58515625 0.11171875 0.08984375
0 0.228125 0.5453125 0.06328125 0.0546875
0 0.74921875 0.7609375 0.1328125 0.1046875
0 0.22890625 0.60703125 0.0890625 0.078125
0 0.11015625 0.5140625 0.08125 0.06953125
0 0.2859375 0.721875 0.1296875 0.1140625
0 0.65703125 0.6125 0.0890625 0.07734375
0 0.06953125 0.4375 0.059375 0.0625
0 0.44609375 0.5375 0.06875 0.0640625
0 0.29140625 0.5625 0.08125 0.07109375
0 0.02109375 0.43203125 0.0421875 0.05078125
0 0.4984375 0.75234375 0.13046875 0.09609375
0 0.35546875 0.52734375 0.0734375 0.06171875
0 0.6546875 0.52734375 0.10390625 0.0890625
0 0.70703125 0.5390625 0.08671875 0.0703125
0 0.74765625 0.665625 0.096875 0.075
0 0.31015625 0.509375 0.07578125 0.0625
0 0.796875 0.496875 0.0671875 0.05625
0 0.50703125 0.56015625 0.07421875 0.0609375
0 0.80859375 0.64921875 0.09140625 0.08203125
0 0.1375 0.4515625 0.0578125 0.07109375
0 0.3609375 0.4171875 0.06328125 0.0421875
0 0.5578125 0.465625 0.0765625 0.05234375
0 0.55625 0.52109375 0.06171875 0.03984375
0 0.49609375 0.50078125 0.06796875 0.06015625
0 0.43203125 0.4578125 0.06171875 0.053125
0 0.784375 0.4140625 0.06484375 0.02890625
0 0.51171875 0.43046875 0.06796875 0.03671875
0 0.58984375 0.42578125 0.06796875 0.0328125