0 0.6203125 0.69375 0.0265625 0.09140625
0 0.66328125 0.70546875 0.0234375 0.05390625
0 0.90078125 0.628125 0.05703125 0.096875
0 0.8359375 0.46796875 0.04375 0.18515625
0 0.7453125 0.4296875 0.0640625 0.16953125
0 0.75859375 0.7234375 0.0265625 0.05390625
0 0.8515625 0.696875 0.04609375 0.09140625
0 0.67109375 0.61640625 0.03828125 0.1046875
0 0.75234375 0.65234375 0.0328125 0.06171875
0 0.9625 0.31171875 0.075 0.1625
0 0.49609375 0.38359375 0.03984375 0.1734375
0 0.94453125 0.43125 0.084375 0.11640625
0 0.959375 0.15625 0.078125 0.103125
0 0.81171875 0.1734375 0.07578125 0.13984375
0 0.69921875 0.26171875 0.0640625 0.20390625
0 0.74140625 0.5234375 0.0546875 0.11484375
0 0.77890625 0.5359375 0.053125 0.12734375
0 0.796875 0.5859375 0.05 0.084375
0 0.80078125 0.653125 0.04765625 0.084375
0 0.64921875 0.5 0.06015625 0.1484375
0 0.6984375 0.484375 0.0421875 0.11875
0 0.70078125 0.38671875 0.08671875 0.15703125
0 0.63828125 0.29453125 0.05859375 0.2234375
0 0.58359375 0.32578125 0.05859375 0.23671875
0 0.5328125 0.24296875 0.0765625 0.196875
0 0.38359375 0.18359375 0.09296875 0.1640625
0 0.146875 0.16640625 0.12734375 0.11875
0 0.12578125 0.44296875 0.07109375 0.1375
0 0.1734375 0.4078125 0.06328125 0.14140625
0 0.084375 0.28515625 0.0828125 0.17890625
0 0.02421875 0.2671875 0.0484375 0.16875
0 0.2484375 0.48046875 0.06953125 0.1109375
0 0.25 0.4234375 0.08359375 0.13515625
0 0.1890625 0.29140625 0.09921875 0.18125
0 0.12734375 0.25859375 0.09296875 0.18671875
0 0.27734375 0.33359375 0.0890625 0.15625
0 0.38046875 0.3125 0.05703125 0.15703125
0 0.41796875 0.42890625 0.0578125 0.1375
0 0.3765625 0.446875 0.06640625 0.12421875
0 0.3671875 0.58984375 0.03359375 0.09296875
0 0.42421875 0.52265625 0.0359375 0.08203125
0 0.42421875 0.66953125 0.0234375 0.0796875
0 0.43203125 0.6125 0.02890625 0.0875
0 0.48515625 0.60390625 0.028125 0.1015625
0 0.47734375 0.5109375 0.04765625 0.11875
0 0.46015625 0.65546875 0.034375 0.09140625
0 0.59921875 0.62734375 0.03671875 0.08828125
0 0.525 0.56796875 0.04140625 0.13359375
0 0.55859375 0.58515625 0.034375 0.0859375
0 0.559375 0.490625 0.046875 0.1296875
0 0.59296875 0.44453125 0.0625 0.13203125
0 0.7140625 0.709375 0.03203125 0.078125
0 0.978125 0.5875 0.04375 0.096875
0 0.79375 0.6921875 0.0390625 0.06640625
0 0.56875 0.72421875 0.01953125 0.0703125