0 0.3796875 0.30625 0.0265625 0.09140625
0 0.33671875 0.29453125 0.0234375 0.05390625
0 0.09921875 0.371875 0.05703125 0.096875
0 0.1640625 0.53203125 0.04375 0.18515625
0 0.2546875 0.5703125 0.0640625 0.16953125
0 0.24140625 0.2765625 0.0265625 0.05390625
0 0.1484375 0.303125 0.04609375 0.09140625
0 0.32890625 0.38359375 0.03828125 0.1046875
0 0.24765625 0.34765625 0.0328125 0.06171875
0 0.0375 0.68828125 0.075 0.1625
0 0.50390625 0.61640625 0.03984375 0.1734375
0 0.05546875 0.56875 0.084375 0.11640625
0 0.040625 0.84375 0.078125 0.103125
0 0.18828125 0.8265625 0.07578125 0.13984375
0 0.30078125 0.73828125 0.0640625 0.20390625
0 0.25859375 0.4765625 0.0546875 0.11484375
0 0.22109375 0.4640625 0.053125 0.12734375
0 0.203125 0.4140625 0.05 0.084375
0 0.19921875 0.346875 0.04765625 0.084375
0 0.35078125 0.5 0.06015625 0.1484375
0 0.3015625 0.515625 0.0421875 0.11875
0 0.29921875 0.61328125 0.08671875 0.15703125
0 0.36171875 0.70546875 0.05859375 0.2234375
0 0.41640625 0.67421875 0.05859375 0.23671875
0 0.4671875 0.75703125 0.0765625 0.196875
0 0.61640625 0.81640625 0.09296875 0.1640625
0 0.853125 0.83359375 0.12734375 0.11875
0 0.87421875 0.55703125 0.07109375 0.1375
0 0.8265625 0.5921875 0.06328125 0.14140625
0 0.915625 0.71484375 0.0828125 0.17890625
0 0.97578125 0.7328125 0.0484375 0.16875
0 0.7515625 0.51953125 0.06953125 0.1109375
0 0.75 0.5765625 0.08359375 0.13515625
0 0.8109375 0.70859375 0.09921875 0.18125
0 0.87265625 0.74140625 0.09296875 0.18671875
0 0.72265625 0.66640625 0.0890625 0.15625
0 0.61953125 0.6875 0.05703125 0.15703125
0 0.58203125 0.57109375 0.0578125 0.1375
0 0.6234375 0.553125 0.06640625 0.12421875
0 0.6328125 0.41015625 0.03359375 0.09296875
0 0.57578125 0.47734375 0.0359375 0.08203125
0 0.57578125 0.33046875 0.0234375 0.0796875
0 0.56796875 0.3875 0.02890625 0.0875
0 0.51484375 0.39609375 0.028125 0.1015625
0 0.52265625 0.4890625 0.04765625 0.11875
0 0.53984375 0.34453125 0.034375 0.09140625
0 0.40078125 0.37265625 0.03671875 0.08828125
0 0.475 0.43203125 0.04140625 0.13359375
0 0.44140625 0.41484375 0.034375 0.0859375
0 0.440625 0.509375 0.046875 0.1296875
0 0.40703125 0.55546875 0.0625 0.13203125
0 0.2859375 0.290625 0.03203125 0.078125
0 0.021875 0.4125 0.04375 0.096875
0 0.20625 0.3078125 0.0390625 0.06640625
0 0.43125 0.27578125 0.01953125 0.0703125